       1       5       6       1       5      18       2       1       5
       2       1       4       2       1       3       3       1       5
       3       1       4       4       1       5       5      18      19
       5      18      20       5       7       9       5       7       8
       5       7      10       7      10      12       7      10      11
       7      10      13       7       5       6       7       5      18
       7       5       1       8       7       9      10      13      14
      10       7       9      10       7       8      11      10      12
      13      14      17      13      14      16      13      14      15
      13      10      12      13      10      11      15      14      17
      15      14      16      16      14      17      18       5       6
      20      22      23      20      22      35      20      18      19
      21      20      18      21      20      22      22      35      36
      22      35      37      22      24      26      22      24      25
      22      24      27      22      20      18      24      27      29
      24      27      28      24      27      30      24      22      23
      24      22      35      24      22      20      25      24      26
      27      30      31      27      30      32      27      24      26
      27      24      25      28      27      29      30      32      34
      30      32      33      30      27      29      30      27      28
      32      30      31      33      32      34      35      22      23
      37      39      40      37      39      56      37      35      36
      38      37      35      38      37      39      39      56      57
      39      56      58      39      41      43      39      41      42
      39      41      44      39      37      35      41      44      45
      41      44      52      41      39      40      41      39      56
      41      39      37      42      41      43      44      52      54
      44      52      53      44      41      43      44      41      42
      45      47      49      45      47      48      46      45      44
      47      45      44      47      45      46      48      47      49
      49      54      52      49      54      55      49      50      51
      50      49      47      52      44      45      53      52      54
      54      49      47      54      49      50      55      54      52
      56      39      40      58      60      61      58      60      78
      58      56      57      59      58      56      59      58      60
      60      78      79      60      78      80      60      62      64
      60      62      63      60      62      65      60      58      56
      62      65      67      62      65      66      62      65      68
      62      60      61      62      60      78      62      60      58
      63      62      64      65      68      70      65      68      69
      65      68      71      65      62      64      65      62      63
      66      65      67      68      71      73      68      71      72
      68      71      74      68      65      67      68      65      66
      69      68      70      71      74      77      71      74      76
      71      74      75      71      68      70      71      68      69
      72      71      73      74      71      73      74      71      72
      75      74      77      75      74      76      76      74      77
      78      60      61      80      82      83      80      82      97
      80      78      79      81      80      78      81      80      82
      82      97      98      82      97      99      82      84      86
      82      84      85      82      84      87      82      80      78
      84      87      88      84      87      93      84      87      89
      84      82      83      84      82      97      84      82      80
      85      84      86      87      93      96      87      93      95
      87      93      94      87      89      92      87      89      91
      87      89      90      87      84      86      87      84      85
      89      87      88      89      87      93      90      89      92
      90      89      91      91      89      92      93      87      88
      94      93      96      94      93      95      95      93      96
      97      82      83      99     101     102      99     101     113
      99      97      98     100      99      97     100      99     101
     101     113     114     101     113     115     101     103     104
     101     103     109     101     103     105     101      99      97
     103     109     112     103     109     111     103     109     110
     103     105     108     103     105     107     103     105     106
     103     101     102     103     101     113     103     101      99
     105     103     104     105     103     109     106     105     108
     106     105     107     107     105     108     109     103     104
     110     109     112     110     109     111     111     109     112
     113     101     102     115     117     118     115     117     132
     115     113     114     116     115     113     116     115     117
     117     132     133     117     132     134     117     119     120
     117     119     121     117     119     125     117     115     113
     119     125     127     119     125     126     119     125     128
     119     121     124     119     121     123     119     121     122
     119     117     118     119     117     132     119     117     115
     121     119     120     122     121     124     122     121     123
     123     121     124     125     128     131     125     128     130
     125     128     129     125     119     120     125     119     121
     126     125     127     128     125     127     128     125     126
     129     128     131     129     128     130     130     128     131
     132     117     118     134     136     137     134     136     146
     134     132     133     135     134     132     135     134     136
     136     146     147     136     146     148     136     138     140
     136     138     139     136     138     141     136     134     132
     138     141     142     138     141     143     138     136     137
     138     136     146     138     136     134     139     138     140
     141     143     145     141     143     144     141     138     140
     141     138     139     143     141     142     144     143     145
     146     136     137     148     150     152     148     150     151
     148     150     153     148     146     147     149     148     146
     149     148     150     150     153     154     150     153     155
     150     148     146     151     150     152     153     150     152
     153     150     151     155     157     158     155     157     175
     155     153     154     156     155     153     156     155     157
     157     175     176     157     175     177     157     159     161
     157     159     160     157     159     162     157     155     153
     159     162     164     159     162     163     159     162     165
     159     157     158     159     157     175     159     157     155
     160     159     161     162     165     167     162     165     166
     162     165     168     162     159     161     162     159     160
     163     162     164     165     168     170     165     168     169
     165     168     171     165     162     164     165     162     163
     166     165     167     168     171     174     168     171     173
     168     171     172     168     165     167     168     165     166
     169     168     170     171     168     170     171     168     169
     172     171     174     172     171     173     173     171     174
     175     157     158     177     179     180     177     179     189
     177     175     176     178     177     175     178     177     179
     179     189     190     179     189     191     179     181     182
     179     181     185     179     181     183     179     177     175
     181     185     188     181     185     187     181     185     186
     181     183     184     181     179     180     181     179     189
     181     179     177     183     181     182     183     181     185
     185     181     182     186     185     188     186     185     187
     187     185     188     189     179     180     191     193     194
     191     193     208     191     189     190     192     191     189
     192     191     193     193     208     209     193     208     210
     193     195     197     193     195     196     193     195     198
     193     191     189     195     198     199     195     198     204
     195     198     200     195     193     194     195     193     208
     195     193     191     196     195     197     198     204     207
     198     204     206     198     204     205     198     200     203
     198     200     202     198     200     201     198     195     197
     198     195     196     200     198     199     200     198     204
     201     200     203     201     200     202     202     200     203
     204     198     199     205     204     207     205     204     206
     206     204     207     208     193     194     210     212     213
     210     212     230     210     208     209     211     210     208
     211     210     212     212     230     231     212     230     232
     212     214     216     212     214     215     212     214     217
     212     210     208     214     217     219     214     217     218
     214     217     220     214     212     213     214     212     230
     214     212     210     215     214     216     217     220     222
     217     220     221     217     220     223     217     214     216
     217     214     215     218     217     219     220     223     225
     220     223     224     220     223     226     220     217     219
     220     217     218     221     220     222     223     226     229
     223     226     228     223     226     227     223     220     222
     223     220     221     224     223     225     226     223     225
     226     223     224     227     226     229     227     226     228
     228     226     229     230     212     213     232     234     236
     232     234     235     232     234     237     232     230     231
     233     232     230     233     232     234     234     237     238
     234     237     239     234     232     230     235     234     236
     237     234     236     237     234     235     239     241     242
     239     241     252     239     237     238     240     239     237
     240     239     241     241     252     253     241     252     254
     241     243     245     241     243     244     241     243     246
     241     239     237     243     246     248     243     246     247
     243     246     249     243     241     242     243     241     252
     243     241     239     244     243     245     246     249     250
     246     249     251     246     243     245     246     243     244
     247     246     248     249     246     248     249     246     247
     251     249     250     252     241     242     254     256     257
     254     256     266     254     252     253     255     254     252
     255     254     256     256     266     267     256     266     268
     256     258     259     256     258     262     256     258     260
     256     254     252     258     262     265     258     262     264
     258     262     263     258     260     261     258     256     257
     258     256     266     258     256     254     260     258     259
     260     258     262     262     258     259     263     262     265
     263     262     264     264     262     265     266     256     257
     268     270     271     268     270     280     268     266     267
     269     268     266     269     268     270     270     280     281
     270     280     282     270     272     273     270     272     276
     270     272     274     270     268     266     272     276     279
     272     276     278     272     276     277     272     274     275
     272     270     271     272     270     280     272     270     268
     274     272     273     274     272     276     276     272     273
     277     276     279     277     276     278     278     276     279
     280     270     271     282     284     285     282     284     294
     282     280     281     283     282     280     283     282     284
     284     294     295     284     294     296     284     286     287
     284     286     290     284     286     288     284     282     280
     286     290     293     286     290     292     286     290     291
     286     288     289     286     284     285     286     284     294
     286     284     282     288     286     287     288     286     290
     290     286     287     291     290     293     291     290     292
     292     290     293     294     284     285     296     298     299
     296     298     316     296     294     295     297     296     294
     297     296     298     298     316     317     298     316     318
     298     300     302     298     300     301     298     300     303
     298     296     294     300     303     305     300     303     304
     300     303     306     300     298     299     300     298     316
     300     298     296     301     300     302     303     306     308
     303     306     307     303     306     309     303     300     302
     303     300     301     304     303     305     306     309     311
     306     309     310     306     309     312     306     303     305
     306     303     304     307     306     308     309     312     315
     309     312     314     309     312     313     309     306     308
     309     306     307     310     309     311     312     309     311
     312     309     310     313     312     315     313     312     314
     314     312     315     316     298     299     318     320     321
     318     320     326     318     316     317     319     318     316
     319     318     320     320     326     327     320     326     328
     320     322     325     320     322     324     320     322     323
     320     318     316     322     320     321     322     320     326
     322     320     318     323     322     325     323     322     324
     324     322     325     326     320     321     328     330     331
     328     330     342     328     326     327     329     328     326
     329     328     330     330     342     343     330     342     344
     330     332     333     330     332     338     330     332     334
     330     328     326     332     338     341     332     338     340
     332     338     339     332     334     337     332     334     336
     332     334     335     332     330     331     332     330     342
     332     330     328     334     332     333     334     332     338
     335     334     337     335     334     336     336     334     337
     338     332     333     339     338     341     339     338     340
     340     338     341     342     330     331     344     346     347
     344     346     354     344     342     343     345     344     342
     345     344     346     346     354     355     346     354     356
     346     348     350     346     348     349     346     348     351
     346     344     342     348     351     352     348     351     353
     348     346     347     348     346     354     348     346     344
     349     348     350     351     348     350     351     348     349
     353     351     352     354     346     347     356     358     359
     356     358     364     356     354     355     357     356     354
     357     356     358     358     364     365     358     364     366
     358     360     363     358     360     362     358     360     361
     358     356     354     360     358     359     360     358     364
     360     358     356     361     360     363     361     360     362
     362     360     363     364     358     359     366     368     369
     366     368     379     366     364     365     367     366     364
     367     366     368     368     379     380     368     379     381
     368     370     372     368     370     371     368     370     373
     368     366     364     370     373     375     370     373     374
     370     373     376     370     368     369     370     368     379
     370     368     366     371     370     372     373     376     377
     373     376     378     373     370     372     373     370     371
     374     373     375     376     373     375     376     373     374
     378     376     377     379     368     369     381     383     384
     381     383     393     381     379     380     382     381     379
     382     381     383     383     393     394     383     393     395
     383     385     386     383     385     389     383     385     387
     383     381     379     385     389     392     385     389     391
     385     389     390     385     387     388     385     383     384
     385     383     393     385     383     381     387     385     386
     387     385     389     389     385     386     390     389     392
     390     389     391     391     389     392     393     383     384
     395     397     398     395     397     403     395     393     394
     396     395     393     396     395     397     397     403     404
     397     403     405     397     399     402     397     399     401
     397     399     400     397     395     393     399     397     398
     399     397     403     399     397     395     400     399     402
     400     399     401     401     399     402     403     397     398
     405     407     408     405     407     418     405     403     404
     406     405     403     406     405     407     407     418     419
     407     418     420     407     409     411     407     409     410
     407     409     412     407     405     403     409     412     414
     409     412     413     409     412     415     409     407     408
     409     407     418     409     407     405     410     409     411
     412     415     416     412     415     417     412     409     411
     412     409     410     413     412     414     415     412     414
     415     412     413     417     415     416     418     407     408
     420     422     423     420     422     440     420     418     419
     421     420     418     421     420     422     422     440     441
     422     440     442     422     424     426     422     424     425
     422     424     427     422     420     418     424     427     429
     424     427     428     424     427     430     424     422     423
     424     422     440     424     422     420     425     424     426
     427     430     432     427     430     431     427     430     433
     427     424     426     427     424     425     428     427     429
     430     433     435     430     433     434     430     433     436
     430     427     429     430     427     428     431     430     432
     433     436     439     433     436     438     433     436     437
     433     430     432     433     430     431     434     433     435
     436     433     435     436     433     434     437     436     439
     437     436     438     438     436     439     440     422     423
     442     444     445     442     444     450     442     440     441
     443     442     440     443     442     444     444     450     451
     444     450     452     444     446     449     444     446     448
     444     446     447     444     442     440     446     444     445
     446     444     450     446     444     442     447     446     449
     447     446     448     448     446     449     450     444     445
     452     454     455     452     454     470     452     450     451
     453     452     450     453     452     454     454     470     471
     454     470     472     454     456     458     454     456     457
     454     456     459     454     452     450     456     459     460
     456     459     466     456     454     455     456     454     470
     456     454     452     457     456     458     459     466     468
     459     466     467     459     456     458     459     456     457
     460     462     464     460     462     463     461     460     459
     462     464     465     462     460     459     462     460     461
     463     462     464     464     468     469     464     468     466
     466     468     469     466     459     460     467     466     468
     468     464     465     468     464     462     470     454     455
     472     474     475     472     474     492     472     470     471
     473     472     470     473     472     474     474     492     493
     474     492     494     474     476     478     474     476     477
     474     476     479     474     472     470     476     479     481
     476     479     480     476     479     482     476     474     475
     476     474     492     476     474     472     477     476     478
     479     482     484     479     482     483     479     482     485
     479     476     478     479     476     477     480     479     481
     482     485     487     482     485     486     482     485     488
     482     479     481     482     479     480     483     482     484
     485     488     491     485     488     490     485     488     489
     485     482     484     485     482     483     486     485     487
     488     485     487     488     485     486     489     488     491
     489     488     490     490     488     491     492     474     475
     494     496     497     494     496     509     494     492     493
     495     494     492     495     494     496     496     509     510
     496     509     511     496     498     500     496     498     499
     496     498     501     496     494     492     498     501     503
     498     501     502     498     501     504     498     496     497
     498     496     509     498     496     494     499     498     500
     501     504     505     501     504     506     501     498     500
     501     498     499     502     501     503     504     506     508
     504     506     507     504     501     503     504     501     502
     506     504     505     507     506     508     509     496     497
     511     513     514     511     513     530     511     509     510
     512     511     509     512     511     513     513     530     531
     513     530     532     513     515     517     513     515     516
     513     515     518     513     511     509     515     518     519
     515     518     526     515     513     514     515     513     530
     515     513     511     516     515     517     518     526     528
     518     526     527     518     515     517     518     515     516
     519     521     523     519     521     522     520     519     518
     521     519     518     521     519     520     522     521     523
     523     528     526     523     528     529     523     524     525
     524     523     521     526     518     519     527     526     528
     528     523     521     528     523     524     529     528     526
     530     513     514     532     534     535     532     534     540
     532     530     531     533     532     530     533     532     534
     534     540     541     534     540     542     534     536     539
     534     536     538     534     536     537     534     532     530
     536     534     535     536     534     540     536     534     532
     537     536     539     537     536     538     538     536     539
     540     534     535     542     544     545     542     544     554
     542     540     541     543     542     540     543     542     544
     544     554     555     544     554     556     544     546     548
     544     546     547     544     546     549     544     542     540
     546     549     550     546     549     551     546     544     545
     546     544     554     546     544     542     547     546     548
     549     551     553     549     551     552     549     546     548
     549     546     547     551     549     550     552     551     553
     554     544     545     556     558     559     556     558     566
     556     554     555     557     556     554     557     556     558
     558     566     567     558     566     568     558     560     562
     558     560     561     558     560     563     558     556     554
     560     563     564     560     563     565     560     558     559
     560     558     566     560     558     556     561     560     562
     563     560     562     563     560     561     565     563     564
     566     558     559     568     570     571     568     570     580
     568     566     567     569     568     566     569     568     570
     570     580     581     570     580     582     570     572     574
     570     572     573     570     572     575     570     568     566
     572     575     576     572     575     577     572     570     571
     572     570     580     572     570     568     573     572     574
     575     577     579     575     577     578     575     572     574
     575     572     573     577     575     576     578     577     579
     580     570     571     582     584     586     582     584     585
     582     584     587     582     580     581     583     582     580
     583     582     584     584     587     588     584     587     589
     584     582     580     585     584     586     587     584     586
     587     584     585     589     591     592     589     591     603
     589     587     588     590     589     587     590     589     591
     591     603     604     591     603     605     591     593     594
     591     593     599     591     593     595     591     589     587
     593     599     602     593     599     601     593     599     600
     593     595     598     593     595     597     593     595     596
     593     591     592     593     591     603     593     591     589
     595     593     594     595     593     599     596     595     598
     596     595     597     597     595     598     599     593     594
     600     599     602     600     599     601     601     599     602
     603     591     592     605     607     608     605     607     615
     605     603     604     606     605     603     606     605     607
     607     615     616     607     615     617     607     609     611
     607     609     610     607     609     612     607     605     603
     609     612     613     609     612     614     609     607     608
     609     607     615     609     607     605     610     609     611
     612     609     611     612     609     610     614     612     613
     615     607     608     617     619     621     617     619     620
     617     619     622     617     615     616     618     617     615
     618     617     619     619     622     623     619     622     624
     619     617     615     620     619     621     622     619     621
     622     619     620     624     626     627     624     626     638
     624     622     623     625     624     622     625     624     626
     626     638     639     626     638     640     626     628     629
     626     628     634     626     628     630     626     624     622
     628     634     637     628     634     636     628     634     635
     628     630     633     628     630     632     628     630     631
     628     626     627     628     626     638     628     626     624
     630     628     629     630     628     634     631     630     633
     631     630     632     632     630     633     634     628     629
     635     634     637     635     634     636     636     634     637
     638     626     627     640     642     643     640     642     662
     640     638     639     641     640     638     641     640     642
     642     662     663     642     662     664     642     644     646
     642     644     645     642     644     647     642     640     638
     644     647     648     644     647     653     644     642     643
     644     642     662     644     642     640     645     644     646
     647     653     652     647     653     654     647     644     646
     647     644     645     648     650     651     648     650     652
     649     648     647     650     652     653     650     648     647
     650     648     649     652     658     660     652     658     659
     652     650     651     653     654     656     653     654     655
     653     647     648     654     653     652     655     654     656
     656     660     658     656     660     661     657     656     654
     658     652     653     658     652     650     659     658     660
     660     656     654     660     656     657     661     660     658
     662     642     643     664     666     667     664     666     676
     664     662     663     665     664     662     665     664     666
     666     676     677     666     676     678     666     668     669
     666     668     672     666     668     670     666     664     662
     668     672     675     668     672     674     668     672     673
     668     670     671     668     666     667     668     666     676
     668     666     664     670     668     669     670     668     672
     672     668     669     673     672     675     673     672     674
     674     672     675     676     666     667     678     680     681
     678     680     697     678     676     677     679     678     676
     679     678     680     680     697     698     680     697     699
     680     682     684     680     682     683     680     682     685
     680     678     676     682     685     686     682     685     693
     682     680     681     682     680     697     682     680     678
     683     682     684     685     693     695     685     693     694
     685     682     684     685     682     683     686     688     690
     686     688     689     687     686     685     688     686     685
     688     686     687     689     688     690     690     695     693
     690     695     696     690     691     692     691     690     688
     693     685     686     694     693     695     695     690     688
     695     690     691     696     695     693     697     680     681
     699     701     702     699     701     709     699     697     698
     700     699     697     700     699     701     701     709     710
     701     709     711     701     703     705     701     703     704
     701     703     706     701     699     697     703     706     707
     703     706     708     703     701     702     703     701     709
     703     701     699     704     703     705     706     703     705
     706     703     704     708     706     707     709     701     702
     711     713     714     711     713     721     711     709     710
     712     711     709     712     711     713     713     721     722
     713     721     723     713     715     717     713     715     716
     713     715     718     713     711     709     715     718     719
     715     718     720     715     713     714     715     713     721
     715     713     711     716     715     717     718     715     717
     718     715     716     720     718     719     721     713     714
     723     725     726     723     725     731     723     721     722
     724     723     721     724     723     725     725     731     732
     725     731     733     725     727     730     725     727     729
     725     727     728     725     723     721     727     725     726
     727     725     731     727     725     723     728     727     730
     728     727     729     729     727     730     731     725     726
     733     735     736     733     735     745     733     731     732
     734     733     731     734     733     735     735     745     746
     735     745     747     735     737     738     735     737     741
     735     737     739     735     733     731     737     741     744
     737     741     743     737     741     742     737     739     740
     737     735     736     737     735     745     737     735     733
     739     737     738     739     737     741     741     737     738
     742     741     744     742     741     743     743     741     744
     745     735     736     747     749     750     747     749     767
     747     745     746     748     747     745     748     747     749
     749     767     768     749     767     769     749     751     753
     749     751     752     749     751     754     749     747     745
     751     754     756     751     754     755     751     754     757
     751     749     750     751     749     767     751     749     747
     752     751     753     754     757     759     754     757     758
     754     757     760     754     751     753     754     751     752
     755     754     756     757     760     762     757     760     761
     757     760     763     757     754     756     757     754     755
     758     757     759     760     763     766     760     763     765
     760     763     764     760     757     759     760     757     758
     761     760     762     763     760     762     763     760     761
     764     763     766     764     763     765     765     763     766
     767     749     750     769     771     772     769     771     781
     769     767     768     770     769     767     770     769     771
     771     781     782     771     781     783     771     773     774
     771     773     777     771     773     775     771     769     767
     773     777     780     773     777     779     773     777     778
     773     775     776     773     771     772     773     771     781
     773     771     769     775     773     774     775     773     777
     777     773     774     778     777     780     778     777     779
     779     777     780     781     771     772     783     785     786
     783     785     801     783     781     782     784     783     781
     784     783     785     785     801     802     785     801     803
     785     787     789     785     787     788     785     787     790
     785     783     781     787     790     791     787     790     797
     787     785     786     787     785     801     787     785     783
     788     787     789     790     797     799     790     797     798
     790     787     789     790     787     788     791     793     795
     791     793     794     792     791     790     793     795     796
     793     791     790     793     791     792     794     793     795
     795     799     800     795     799     797     797     799     800
     797     790     791     798     797     799     799     795     796
     799     795     793     801     785     786     803     805     806
     803     805     815     803     801     802     804     803     801
     804     803     805     805     815     816     805     815     817
     805     807     808     805     807     811     805     807     809
     805     803     801     807     811     814     807     811     813
     807     811     812     807     809     810     807     805     806
     807     805     815     807     805     803     809     807     808
     809     807     811     811     807     808     812     811     814
     812     811     813     813     811     814     815     805     806
     817     819     820     817     819     831     817     815     816
     818     817     815     818     817     819     819     831     832
     819     831     833     819     821     822     819     821     827
     819     821     823     819     817     815     821     827     830
     821     827     829     821     827     828     821     823     826
     821     823     825     821     823     824     821     819     820
     821     819     831     821     819     817     823     821     822
     823     821     827     824     823     826     824     823     825
     825     823     826     827     821     822     828     827     830
     828     827     829     829     827     830     831     819     820
     833     835     836     833     835     845     833     831     832
     834     833     831     834     833     835     835     845     846
     835     845     851     835     837     838     835     837     841
     835     837     839     835     833     831     837     841     844
     837     841     843     837     841     842     837     839     840
     837     835     836     837     835     845     837     835     833
     839     837     838     839     837     841     841     837     838
     842     841     844     842     841     843     843     841     844
     845     835     836     847     854     856     847     854     855
     847     854     857     847     851     845     848     847     853
     849     848     847     850     848     847     850     848     849
     851     847     853     851     847     848     851     845     846
     852     851     845     852     851     847     854     857     859
     854     857     858     854     857     860     854     847     853
     854     847     848     854     847     851     855     854     856
     857     860     861     857     860     862     857     854     856
     857     854     855     858     857     859     860     857     859
     860     857     858     862     860     861     864     863     865
