       1       5       2       1       3       1       4       1
       5       6       7       5       7       8       7       9
      10       7      10      11      10      12      13      10
      14      13      14      15      14      16      14      17
      18       5      18      20      19      18      20      21
      20      22      22      23      24      22      24      25
      24      26      27      24      27      28      27      29
      30      27      30      31      32      30      32      33
      32      34      35      22      35      37      36      35
      37      38      37      39      39      40      41      39
      41      42      41      43      44      41      45      46
      45      44      47      45      47      48      47      49
      49      54      50      49      50      51      52      44
      52      53      54      55      54      52      56      39
      56      58      57      56      58      59      58      60
      60      61      62      60      62      63      62      64
      65      62      65      66      65      67      68      65
      68      69      68      70      71      68      71      72
      71      73      74      71      74      75      74      76
      74      77      78      60      78      80      79      78
      80      81      80      82      82      83      84      82
      84      85      84      86      87      84      87      88
      89      87      89      90      89      91      89      92
      93      87      93      94      93      95      93      96
      97      82      97      99      98      97      99     100
      99     101     101     102     103     101     103     104
     105     103     105     106     105     107     105     108
     109     103     109     110     109     111     109     112
     113     101     113     115     114     113     115     116
     115     117     117     118     119     117     119     120
     121     119     121     122     121     123     121     124
     125     119     125     126     125     127     128     125
     128     129     128     130     128     131     132     117
     132     134     133     132     134     135     134     136
     136     137     138     136     138     139     138     140
     141     138     141     142     143     141     143     144
     143     145     146     136     146     148     146     147
     148     149     148     150     150     151     150     152
     153     150     153     155     154     153     155     156
     155     157     157     158     159     157     159     160
     159     161     162     159     162     163     162     164
     165     162     165     166     165     167     168     165
     168     169     168     170     171     168     171     172
     171     173     171     174     175     157     175     177
     176     175     177     178     177     179     179     180
     181     179     181     182     183     181     183     184
     185     181     185     186     185     187     185     188
     189     179     189     191     190     189     191     192
     191     193     193     194     195     193     195     196
     195     197     198     195     198     199     200     198
     200     201     200     202     200     203     204     198
     204     205     204     206     204     207     208     193
     208     210     209     208     210     211     210     212
     212     213     214     212     214     215     214     216
     217     214     217     218     217     219     220     217
     220     221     220     222     223     220     223     224
     223     225     226     223     226     227     226     228
     226     229     230     212     230     232     231     230
     232     233     232     234     234     235     234     236
     237     234     237     239     238     237     239     240
     239     241     241     242     243     241     243     244
     243     245     246     243     246     247     246     248
     249     246     249     250     251     249     252     241
     252     254     253     252     254     255     254     256
     256     257     258     256     258     259     260     258
     260     261     262     258     262     263     262     264
     262     265     266     256     266     268     267     266
     268     269     268     270     270     271     272     270
     272     273     274     272     274     275     276     272
     276     277     276     278     276     279     280     270
     280     282     281     280     282     283     282     284
     284     285     286     284     286     287     288     286
     288     289     290     286     290     291     290     292
     290     293     294     284     294     296     295     294
     296     297     296     298     298     299     300     298
     300     301     300     302     303     300     303     304
     303     305     306     303     306     307     306     308
     309     306     309     310     309     311     312     309
     312     313     312     314     312     315     316     298
     316     318     317     316     318     319     318     320
     320     321     322     320     322     323     322     324
     322     325     326     320     326     328     327     326
     328     329     328     330     330     331     332     330
     332     333     334     332     334     335     334     336
     334     337     338     332     338     339     338     340
     338     341     342     330     342     344     343     342
     344     345     344     346     346     347     348     346
     348     349     348     350     351     348     351     352
     353     351     354     346     354     356     355     354
     356     357     356     358     358     359     360     358
     360     361     360     362     360     363     364     358
     364     366     365     364     366     367     366     368
     368     369     370     368     370     371     370     372
     373     370     373     374     373     375     376     373
     376     377     378     376     379     368     379     381
     380     379     381     382     381     383     383     384
     385     383     385     386     387     385     387     388
     389     385     389     390     389     391     389     392
     393     383     393     395     394     393     395     396
     395     397     397     398     399     397     399     400
     399     401     399     402     403     397     403     405
     404     403     405     406     405     407     407     408
     409     407     409     410     409     411     412     409
     412     413     412     414     415     412     415     416
     417     415     418     407     418     420     419     418
     420     421     420     422     422     423     424     422
     424     425     424     426     427     424     427     428
     427     429     430     427     430     431     430     432
     433     430     433     434     433     435     436     433
     436     437     436     438     436     439     440     422
     440     442     441     440     442     443     442     444
     444     445     446     444     446     447     446     448
     446     449     450     444     450     452     451     450
     452     453     452     454     454     455     456     454
     456     457     456     458     459     456     460     461
     460     459     462     460     462     463     464     468
     464     462     464     465     466     459     466     467
     468     466     468     469     470     454     470     472
     471     470     472     473     472     474     474     475
     476     474     476     477     476     478     479     476
     479     480     479     481     482     479     482     483
     482     484     485     482     485     486     485     487
     488     485     488     489     488     490     488     491
     492     474     492     494     493     492     494     495
     494     496     496     497     498     496     498     499
     498     500     501     498     501     502     501     503
     504     501     504     505     506     504     506     507
     506     508     509     496     509     511     510     509
     511     512     511     513     513     514     515     513
     515     516     515     517     518     515     519     520
     519     518     521     519     521     522     521     523
     523     528     524     523     524     525     526     518
     526     527     528     529     528     526     530     513
     530     532     531     530     532     533     532     534
     534     535     536     534     536     537     536     538
     536     539     540     534     540     542     541     540
     542     543     542     544     544     545     546     544
     546     547     546     548     549     546     549     550
     551     549     551     552     551     553     554     544
     554     556     554     555     556     557     556     558
     558     559     560     558     560     561     560     562
     563     560     563     564     565     563     566     558
     566     568     567     566     568     569     568     570
     570     571     572     570     572     573     572     574
     575     572     575     576     577     575     577     578
     577     579     580     570     580     582     580     581
     582     583     582     584     584     585     584     586
     587     584     587     589     588     587     589     590
     589     591     591     592     593     591     593     594
     595     593     595     596     595     597     595     598
     599     593     599     600     599     601     599     602
     603     591     603     605     604     603     605     606
     605     607     607     608     609     607     609     610
     609     611     612     609     612     613     614     612
     615     607     615     617     616     615     617     618
     617     619     619     620     619     621     622     619
     622     624     623     622     624     625     624     626
     626     627     628     626     628     629     630     628
     630     631     630     632     630     633     634     628
     634     635     634     636     634     637     638     626
     638     640     639     638     640     641     640     642
     642     643     644     642     644     645     644     646
     647     644     648     649     648     647     650     648
     650     652     650     651     652     653     653     647
     653     654     654     655     656     660     656     657
     656     654     658     652     658     659     660     661
     660     658     662     642     662     664     663     662
     664     665     664     666     666     667     668     666
     668     669     670     668     670     671     672     668
     672     673     672     674     672     675     676     666
     676     678     677     676     678     679     678     680
     680     681     682     680     682     683     682     684
     685     682     686     687     686     685     688     686
     688     689     688     690     690     695     691     690
     691     692     693     685     693     694     695     696
     695     693     697     680     697     699     698     697
     699     700     699     701     701     702     703     701
     703     704     703     705     706     703     706     707
     708     706     709     701     709     711     710     709
     711     712     711     713     713     714     715     713
     715     716     715     717     718     715     718     719
     720     718     721     713     721     723     722     721
     723     724     723     725     725     726     727     725
     727     728     727     729     727     730     731     725
     731     733     732     731     733     734     733     735
     735     736     737     735     737     738     739     737
     739     740     741     737     741     742     741     743
     741     744     745     735     745     747     746     745
     747     748     747     749     749     750     751     749
     751     752     751     753     754     751     754     755
     754     756     757     754     757     758     757     759
     760     757     760     761     760     762     763     760
     763     764     763     765     763     766     767     749
     767     769     768     767     769     770     769     771
     771     772     773     771     773     774     775     773
     775     776     777     773     777     778     777     779
     777     780     781     771     781     783     782     781
     783     784     783     785     785     786     787     785
     787     788     787     789     790     787     791     792
     791     790     793     791     793     794     795     799
     795     793     795     796     797     790     797     798
     799     797     799     800     801     785     801     803
     802     801     803     804     803     805     805     806
     807     805     807     808     809     807     809     810
     811     807     811     812     811     813     811     814
     815     805     815     817     816     815     817     818
     817     819     819     820     821     819     821     822
     823     821     823     824     823     825     823     826
     827     821     827     828     827     829     827     830
     831     819     831     833     832     831     833     834
     833     835     835     836     837     835     837     838
     839     837     839     840     841     837     841     842
     841     843     841     844     845     835     845     851
     846     845     847     853     848     850     848     849
     848     847     851     852     851     847     854     847
     854     855     854     856     857     854     857     858
     857     859     860     857     860     861     862     860
