       1       5       7      10       1       5       7       8
       1       5       7       9       1       5      18      20
       1       5      18      19       2       1       5       7
       2       1       5      18       2       1       5       6
       3       1       5       7       3       1       5      18
       3       1       5       6       4       1       5       7
       4       1       5      18       4       1       5       6
       5      18      20      21       5      18      20      22
       5       7      10      13       5       7      10      11
       5       7      10      12       6       5       7      10
       6       5       7       8       6       5       7       9
       6       5      18      20       6       5      18      19
       7      10      13      14       7       5      18      20
       7       5      18      19       8       7       5      18
       8       7      10      13       8       7      10      11
       8       7      10      12       9       7       5      18
       9       7      10      13       9       7      10      11
       9       7      10      12      10      13      14      15
      10      13      14      16      10      13      14      17
      10       7       5      18      11      10      13      14
      12      10      13      14      18      20      22      24
      18      20      22      35      18      20      22      23
      19      18      20      21      19      18      20      22
      20      22      24      27      20      22      24      25
      20      22      24      26      20      22      35      37
      20      22      35      36      21      20      22      24
      21      20      22      35      21      20      22      23
      22      35      37      38      22      35      37      39
      22      24      27      30      22      24      27      28
      22      24      27      29      23      22      24      27
      23      22      24      25      23      22      24      26
      23      22      35      37      23      22      35      36
      24      27      30      32      24      27      30      31
      24      22      35      37      24      22      35      36
      25      24      22      35      25      24      27      30
      25      24      27      28      25      24      27      29
      26      24      22      35      26      24      27      30
      26      24      27      28      26      24      27      29
      27      30      32      33      27      30      32      34
      27      24      22      35      28      27      30      32
      28      27      30      31      29      27      30      32
      29      27      30      31      31      30      32      33
      31      30      32      34      35      37      39      41
      35      37      39      56      35      37      39      40
      36      35      37      38      36      35      37      39
      37      39      41      44      37      39      41      42
      37      39      41      43      37      39      56      58
      37      39      56      57      38      37      39      41
      38      37      39      56      38      37      39      40
      39      56      58      59      39      56      58      60
      39      41      44      52      39      41      44      45
      40      39      41      44      40      39      41      42
      40      39      41      43      40      39      56      58
      40      39      56      57      41      44      52      53
      41      44      52      54      41      44      45      47
      41      44      45      46      41      39      56      58
      41      39      56      57      42      41      39      56
      42      41      44      52      42      41      44      45
      43      41      39      56      43      41      44      52
      43      41      44      45      44      52      54      49
      44      52      54      55      44      45      47      48
      44      45      47      49      44      41      39      56
      45      47      49      54      45      47      49      50
      45      44      52      53      45      44      52      54
      46      45      47      48      46      45      47      49
      46      45      44      52      47      49      54      55
      47      49      54      52      47      49      50      51
      47      45      44      52      48      47      49      54
      48      47      49      50      49      54      52      53
      50      49      54      55      50      49      54      52
      51      50      49      54      53      52      54      55
      56      58      60      62      56      58      60      78
      56      58      60      61      57      56      58      59
      57      56      58      60      58      60      62      65
      58      60      62      63      58      60      62      64
      58      60      78      80      58      60      78      79
      59      58      60      62      59      58      60      78
      59      58      60      61      60      78      80      81
      60      78      80      82      60      62      65      68
      60      62      65      66      60      62      65      67
      61      60      62      65      61      60      62      63
      61      60      62      64      61      60      78      80
      61      60      78      79      62      65      68      71
      62      65      68      69      62      65      68      70
      62      60      78      80      62      60      78      79
      63      62      60      78      63      62      65      68
      63      62      65      66      63      62      65      67
      64      62      60      78      64      62      65      68
      64      62      65      66      64      62      65      67
      65      68      71      74      65      68      71      72
      65      68      71      73      65      62      60      78
      66      65      68      71      66      65      68      69
      66      65      68      70      67      65      68      71
      67      65      68      69      67      65      68      70
      68      71      74      75      68      71      74      76
      68      71      74      77      69      68      71      74
      69      68      71      72      69      68      71      73
      70      68      71      74      70      68      71      72
      70      68      71      73      72      71      74      75
      72      71      74      76      72      71      74      77
      73      71      74      75      73      71      74      76
      73      71      74      77      78      80      82      84
      78      80      82      97      78      80      82      83
      79      78      80      81      79      78      80      82
      80      82      84      87      80      82      84      85
      80      82      84      86      80      82      97      99
      80      82      97      98      81      80      82      84
      81      80      82      97      81      80      82      83
      82      97      99     100      82      97      99     101
      82      84      87      89      82      84      87      93
      82      84      87      88      83      82      84      87
      83      82      84      85      83      82      84      86
      83      82      97      99      83      82      97      98
      84      87      89      90      84      87      89      91
      84      87      89      92      84      87      93      94
      84      87      93      95      84      87      93      96
      84      82      97      99      84      82      97      98
      85      84      82      97      85      84      87      89
      85      84      87      93      85      84      87      88
      86      84      82      97      86      84      87      89
      86      84      87      93      86      84      87      88
      87      84      82      97      88      87      89      90
      88      87      89      91      88      87      89      92
      88      87      93      94      88      87      93      95
      88      87      93      96      89      87      93      94
      89      87      93      95      89      87      93      96
      90      89      87      93      91      89      87      93
      92      89      87      93      97      99     101     103
      97      99     101     113      97      99     101     102
      98      97      99     100      98      97      99     101
      99     101     103     105      99     101     103     109
      99     101     103     104      99     101     113     115
      99     101     113     114     100      99     101     103
     100      99     101     113     100      99     101     102
     101     113     115     116     101     113     115     117
     101     103     105     106     101     103     105     107
     101     103     105     108     101     103     109     110
     101     103     109     111     101     103     109     112
     102     101     103     105     102     101     103     109
     102     101     103     104     102     101     113     115
     102     101     113     114     103     101     113     115
     103     101     113     114     104     103     101     113
     104     103     105     106     104     103     105     107
     104     103     105     108     104     103     109     110
     104     103     109     111     104     103     109     112
     105     103     101     113     105     103     109     110
     105     103     109     111     105     103     109     112
     106     105     103     109     107     105     103     109
     108     105     103     109     109     103     101     113
     113     115     117     119     113     115     117     132
     113     115     117     118     114     113     115     116
     114     113     115     117     115     117     119     125
     115     117     119     121     115     117     119     120
     115     117     132     134     115     117     132     133
     116     115     117     119     116     115     117     132
     116     115     117     118     117     132     134     135
     117     132     134     136     117     119     125     128
     117     119     125     126     117     119     125     127
     117     119     121     122     117     119     121     123
     117     119     121     124     118     117     119     125
     118     117     119     121     118     117     119     120
     118     117     132     134     118     117     132     133
     119     125     128     129     119     125     128     130
     119     125     128     131     119     117     132     134
     119     117     132     133     120     119     117     132
     120     119     125     128     120     119     125     126
     120     119     125     127     120     119     121     122
     120     119     121     123     120     119     121     124
     121     119     117     132     121     119     125     128
     121     119     125     126     121     119     125     127
     122     121     119     125     123     121     119     125
     124     121     119     125     125     119     117     132
     126     125     128     129     126     125     128     130
     126     125     128     131     127     125     128     129
     127     125     128     130     127     125     128     131
     132     134     136     138     132     134     136     146
     132     134     136     137     133     132     134     135
     133     132     134     136     134     136     138     141
     134     136     138     139     134     136     138     140
     134     136     146     148     134     136     146     147
     135     134     136     138     135     134     136     146
     135     134     136     137     136     146     148     149
     136     146     148     150     136     138     141     143
     136     138     141     142     137     136     138     141
     137     136     138     139     137     136     138     140
     137     136     146     148     137     136     146     147
     138     141     143     144     138     141     143     145
     138     136     146     148     138     136     146     147
     139     138     136     146     139     138     141     143
     139     138     141     142     140     138     136     146
     140     138     141     143     140     138     141     142
     141     138     136     146     142     141     143     144
     142     141     143     145     146     148     150     153
     146     148     150     151     146     148     150     152
     147     146     148     149     147     146     148     150
     148     150     153     155     148     150     153     154
     149     148     150     153     149     148     150     151
     149     148     150     152     150     153     155     156
     150     153     155     157     151     150     153     155
     151     150     153     154     152     150     153     155
     152     150     153     154     153     155     157     159
     153     155     157     175     153     155     157     158
     154     153     155     156     154     153     155     157
     155     157     159     162     155     157     159     160
     155     157     159     161     155     157     175     177
     155     157     175     176     156     155     157     159
     156     155     157     175     156     155     157     158
     157     175     177     178     157     175     177     179
     157     159     162     165     157     159     162     163
     157     159     162     164     158     157     159     162
     158     157     159     160     158     157     159     161
     158     157     175     177     158     157     175     176
     159     162     165     168     159     162     165     166
     159     162     165     167     159     157     175     177
     159     157     175     176     160     159     157     175
     160     159     162     165     160     159     162     163
     160     159     162     164     161     159     157     175
     161     159     162     165     161     159     162     163
     161     159     162     164     162     165     168     171
     162     165     168     169     162     165     168     170
     162     159     157     175     163     162     165     168
     163     162     165     166     163     162     165     167
     164     162     165     168     164     162     165     166
     164     162     165     167     165     168     171     172
     165     168     171     173     165     168     171     174
     166     165     168     171     166     165     168     169
     166     165     168     170     167     165     168     171
     167     165     168     169     167     165     168     170
     169     168     171     172     169     168     171     173
     169     168     171     174     170     168     171     172
     170     168     171     173     170     168     171     174
     175     177     179     181     175     177     179     189
     175     177     179     180     176     175     177     178
     176     175     177     179     177     179     181     183
     177     179     181     185     177     179     181     182
     177     179     189     191     177     179     189     190
     178     177     179     181     178     177     179     189
     178     177     179     180     179     189     191     192
     179     189     191     193     179     181     183     184
     179     181     185     186     179     181     185     187
     179     181     185     188     180     179     181     183
     180     179     181     185     180     179     181     182
     180     179     189     191     180     179     189     190
     181     179     189     191     181     179     189     190
     182     181     179     189     182     181     183     184
     182     181     185     186     182     181     185     187
     182     181     185     188     183     181     179     189
     183     181     185     186     183     181     185     187
     183     181     185     188     184     183     181     185
     185     181     179     189     189     191     193     195
     189     191     193     208     189     191     193     194
     190     189     191     192     190     189     191     193
     191     193     195     198     191     193     195     196
     191     193     195     197     191     193     208     210
     191     193     208     209     192     191     193     195
     192     191     193     208     192     191     193     194
     193     208     210     211     193     208     210     212
     193     195     198     200     193     195     198     204
     193     195     198     199     194     193     195     198
     194     193     195     196     194     193     195     197
     194     193     208     210     194     193     208     209
     195     198     200     201     195     198     200     202
     195     198     200     203     195     198     204     205
     195     198     204     206     195     198     204     207
     195     193     208     210     195     193     208     209
     196     195     193     208     196     195     198     200
     196     195     198     204     196     195     198     199
     197     195     193     208     197     195     198     200
     197     195     198     204     197     195     198     199
     198     195     193     208     199     198     200     201
     199     198     200     202     199     198     200     203
     199     198     204     205     199     198     204     206
     199     198     204     207     200     198     204     205
     200     198     204     206     200     198     204     207
     201     200     198     204     202     200     198     204
     203     200     198     204     208     210     212     214
     208     210     212     230     208     210     212     213
     209     208     210     211     209     208     210     212
     210     212     214     217     210     212     214     215
     210     212     214     216     210     212     230     232
     210     212     230     231     211     210     212     214
     211     210     212     230     211     210     212     213
     212     230     232     233     212     230     232     234
     212     214     217     220     212     214     217     218
     212     214     217     219     213     212     214     217
     213     212     214     215     213     212     214     216
     213     212     230     232     213     212     230     231
     214     217     220     223     214     217     220     221
     214     217     220     222     214     212     230     232
     214     212     230     231     215     214     212     230
     215     214     217     220     215     214     217     218
     215     214     217     219     216     214     212     230
     216     214     217     220     216     214     217     218
     216     214     217     219     217     220     223     226
     217     220     223     224     217     220     223     225
     217     214     212     230     218     217     220     223
     218     217     220     221     218     217     220     222
     219     217     220     223     219     217     220     221
     219     217     220     222     220     223     226     227
     220     223     226     228     220     223     226     229
     221     220     223     226     221     220     223     224
     221     220     223     225     222     220     223     226
     222     220     223     224     222     220     223     225
     224     223     226     227     224     223     226     228
     224     223     226     229     225     223     226     227
     225     223     226     228     225     223     226     229
     230     232     234     237     230     232     234     235
     230     232     234     236     231     230     232     233
     231     230     232     234     232     234     237     239
     232     234     237     238     233     232     234     237
     233     232     234     235     233     232     234     236
     234     237     239     240     234     237     239     241
     235     234     237     239     235     234     237     238
     236     234     237     239     236     234     237     238
     237     239     241     243     237     239     241     252
     237     239     241     242     238     237     239     240
     238     237     239     241     239     241     243     246
     239     241     243     244     239     241     243     245
     239     241     252     254     239     241     252     253
     240     239     241     243     240     239     241     252
     240     239     241     242     241     252     254     255
     241     252     254     256     241     243     246     249
     241     243     246     247     241     243     246     248
     242     241     243     246     242     241     243     244
     242     241     243     245     242     241     252     254
     242     241     252     253     243     246     249     251
     243     246     249     250     243     241     252     254
     243     241     252     253     244     243     241     252
     244     243     246     249     244     243     246     247
     244     243     246     248     245     243     241     252
     245     243     246     249     245     243     246     247
     245     243     246     248     246     243     241     252
     247     246     249     251     247     246     249     250
     248     246     249     251     248     246     249     250
     252     254     256     258     252     254     256     266
     252     254     256     257     253     252     254     255
     253     252     254     256     254     256     258     260
     254     256     258     262     254     256     258     259
     254     256     266     268     254     256     266     267
     255     254     256     258     255     254     256     266
     255     254     256     257     256     266     268     269
     256     266     268     270     256     258     260     261
     256     258     262     263     256     258     262     264
     256     258     262     265     257     256     258     260
     257     256     258     262     257     256     258     259
     257     256     266     268     257     256     266     267
     258     256     266     268     258     256     266     267
     259     258     256     266     259     258     260     261
     259     258     262     263     259     258     262     264
     259     258     262     265     260     258     256     266
     260     258     262     263     260     258     262     264
     260     258     262     265     261     260     258     262
     262     258     256     266     266     268     270     272
     266     268     270     280     266     268     270     271
     267     266     268     269     267     266     268     270
     268     270     272     274     268     270     272     276
     268     270     272     273     268     270     280     282
     268     270     280     281     269     268     270     272
     269     268     270     280     269     268     270     271
     270     280     282     283     270     280     282     284
     270     272     274     275     270     272     276     277
     270     272     276     278     270     272     276     279
     271     270     272     274     271     270     272     276
     271     270     272     273     271     270     280     282
     271     270     280     281     272     270     280     282
     272     270     280     281     273     272     270     280
     273     272     274     275     273     272     276     277
     273     272     276     278     273     272     276     279
     274     272     270     280     274     272     276     277
     274     272     276     278     274     272     276     279
     275     274     272     276     276     272     270     280
     280     282     284     286     280     282     284     294
     280     282     284     285     281     280     282     283
     281     280     282     284     282     284     286     288
     282     284     286     290     282     284     286     287
     282     284     294     296     282     284     294     295
     283     282     284     286     283     282     284     294
     283     282     284     285     284     294     296     297
     284     294     296     298     284     286     288     289
     284     286     290     291     284     286     290     292
     284     286     290     293     285     284     286     288
     285     284     286     290     285     284     286     287
     285     284     294     296     285     284     294     295
     286     284     294     296     286     284     294     295
     287     286     284     294     287     286     288     289
     287     286     290     291     287     286     290     292
     287     286     290     293     288     286     284     294
     288     286     290     291     288     286     290     292
     288     286     290     293     289     288     286     290
     290     286     284     294     294     296     298     300
     294     296     298     316     294     296     298     299
     295     294     296     297     295     294     296     298
     296     298     300     303     296     298     300     301
     296     298     300     302     296     298     316     318
     296     298     316     317     297     296     298     300
     297     296     298     316     297     296     298     299
     298     316     318     319     298     316     318     320
     298     300     303     306     298     300     303     304
     298     300     303     305     299     298     300     303
     299     298     300     301     299     298     300     302
     299     298     316     318     299     298     316     317
     300     303     306     309     300     303     306     307
     300     303     306     308     300     298     316     318
     300     298     316     317     301     300     298     316
     301     300     303     306     301     300     303     304
     301     300     303     305     302     300     298     316
     302     300     303     306     302     300     303     304
     302     300     303     305     303     306     309     312
     303     306     309     310     303     306     309     311
     303     300     298     316     304     303     306     309
     304     303     306     307     304     303     306     308
     305     303     306     309     305     303     306     307
     305     303     306     308     306     309     312     313
     306     309     312     314     306     309     312     315
     307     306     309     312     307     306     309     310
     307     306     309     311     308     306     309     312
     308     306     309     310     308     306     309     311
     310     309     312     313     310     309     312     314
     310     309     312     315     311     309     312     313
     311     309     312     314     311     309     312     315
     316     318     320     322     316     318     320     326
     316     318     320     321     317     316     318     319
     317     316     318     320     318     320     322     323
     318     320     322     324     318     320     322     325
     318     320     326     328     318     320     326     327
     319     318     320     322     319     318     320     326
     319     318     320     321     320     326     328     329
     320     326     328     330     321     320     322     323
     321     320     322     324     321     320     322     325
     321     320     326     328     321     320     326     327
     322     320     326     328     322     320     326     327
     323     322     320     326     324     322     320     326
     325     322     320     326     326     328     330     332
     326     328     330     342     326     328     330     331
     327     326     328     329     327     326     328     330
     328     330     332     334     328     330     332     338
     328     330     332     333     328     330     342     344
     328     330     342     343     329     328     330     332
     329     328     330     342     329     328     330     331
     330     342     344     345     330     342     344     346
     330     332     334     335     330     332     334     336
     330     332     334     337     330     332     338     339
     330     332     338     340     330     332     338     341
     331     330     332     334     331     330     332     338
     331     330     332     333     331     330     342     344
     331     330     342     343     332     330     342     344
     332     330     342     343     333     332     330     342
     333     332     334     335     333     332     334     336
     333     332     334     337     333     332     338     339
     333     332     338     340     333     332     338     341
     334     332     330     342     334     332     338     339
     334     332     338     340     334     332     338     341
     335     334     332     338     336     334     332     338
     337     334     332     338     338     332     330     342
     342     344     346     348     342     344     346     354
     342     344     346     347     343     342     344     345
     343     342     344     346     344     346     348     351
     344     346     348     349     344     346     348     350
     344     346     354     356     344     346     354     355
     345     344     346     348     345     344     346     354
     345     344     346     347     346     354     356     357
     346     354     356     358     346     348     351     353
     346     348     351     352     347     346     348     351
     347     346     348     349     347     346     348     350
     347     346     354     356     347     346     354     355
     348     346     354     356     348     346     354     355
     349     348     346     354     349     348     351     353
     349     348     351     352     350     348     346     354
     350     348     351     353     350     348     351     352
     351     348     346     354     354     356     358     360
     354     356     358     364     354     356     358     359
     355     354     356     357     355     354     356     358
     356     358     360     361     356     358     360     362
     356     358     360     363     356     358     364     366
     356     358     364     365     357     356     358     360
     357     356     358     364     357     356     358     359
     358     364     366     367     358     364     366     368
     359     358     360     361     359     358     360     362
     359     358     360     363     359     358     364     366
     359     358     364     365     360     358     364     366
     360     358     364     365     361     360     358     364
     362     360     358     364     363     360     358     364
     364     366     368     370     364     366     368     379
     364     366     368     369     365     364     366     367
     365     364     366     368     366     368     370     373
     366     368     370     371     366     368     370     372
     366     368     379     381     366     368     379     380
     367     366     368     370     367     366     368     379
     367     366     368     369     368     379     381     382
     368     379     381     383     368     370     373     376
     368     370     373     374     368     370     373     375
     369     368     370     373     369     368     370     371
     369     368     370     372     369     368     379     381
     369     368     379     380     370     373     376     378
     370     373     376     377     370     368     379     381
     370     368     379     380     371     370     368     379
     371     370     373     376     371     370     373     374
     371     370     373     375     372     370     368     379
     372     370     373     376     372     370     373     374
     372     370     373     375     373     370     368     379
     374     373     376     378     374     373     376     377
     375     373     376     378     375     373     376     377
     379     381     383     385     379     381     383     393
     379     381     383     384     380     379     381     382
     380     379     381     383     381     383     385     387
     381     383     385     389     381     383     385     386
     381     383     393     395     381     383     393     394
     382     381     383     385     382     381     383     393
     382     381     383     384     383     393     395     396
     383     393     395     397     383     385     387     388
     383     385     389     390     383     385     389     391
     383     385     389     392     384     383     385     387
     384     383     385     389     384     383     385     386
     384     383     393     395     384     383     393     394
     385     383     393     395     385     383     393     394
     386     385     383     393     386     385     387     388
     386     385     389     390     386     385     389     391
     386     385     389     392     387     385     383     393
     387     385     389     390     387     385     389     391
     387     385     389     392     388     387     385     389
     389     385     383     393     393     395     397     399
     393     395     397     403     393     395     397     398
     394     393     395     396     394     393     395     397
     395     397     399     400     395     397     399     401
     395     397     399     402     395     397     403     405
     395     397     403     404     396     395     397     399
     396     395     397     403     396     395     397     398
     397     403     405     406     397     403     405     407
     398     397     399     400     398     397     399     401
     398     397     399     402     398     397     403     405
     398     397     403     404     399     397     403     405
     399     397     403     404     400     399     397     403
     401     399     397     403     402     399     397     403
     403     405     407     409     403     405     407     418
     403     405     407     408     404     403     405     406
     404     403     405     407     405     407     409     412
     405     407     409     410     405     407     409     411
     405     407     418     420     405     407     418     419
     406     405     407     409     406     405     407     418
     406     405     407     408     407     418     420     421
     407     418     420     422     407     409     412     415
     407     409     412     413     407     409     412     414
     408     407     409     412     408     407     409     410
     408     407     409     411     408     407     418     420
     408     407     418     419     409     412     415     417
     409     412     415     416     409     407     418     420
     409     407     418     419     410     409     407     418
     410     409     412     415     410     409     412     413
     410     409     412     414     411     409     407     418
     411     409     412     415     411     409     412     413
     411     409     412     414     412     409     407     418
     413     412     415     417     413     412     415     416
     414     412     415     417     414     412     415     416
     418     420     422     424     418     420     422     440
     418     420     422     423     419     418     420     421
     419     418     420     422     420     422     424     427
     420     422     424     425     420     422     424     426
     420     422     440     442     420     422     440     441
     421     420     422     424     421     420     422     440
     421     420     422     423     422     440     442     443
     422     440     442     444     422     424     427     430
     422     424     427     428     422     424     427     429
     423     422     424     427     423     422     424     425
     423     422     424     426     423     422     440     442
     423     422     440     441     424     427     430     433
     424     427     430     431     424     427     430     432
     424     422     440     442     424     422     440     441
     425     424     422     440     425     424     427     430
     425     424     427     428     425     424     427     429
     426     424     422     440     426     424     427     430
     426     424     427     428     426     424     427     429
     427     430     433     436     427     430     433     434
     427     430     433     435     427     424     422     440
     428     427     430     433     428     427     430     431
     428     427     430     432     429     427     430     433
     429     427     430     431     429     427     430     432
     430     433     436     437     430     433     436     438
     430     433     436     439     431     430     433     436
     431     430     433     434     431     430     433     435
     432     430     433     436     432     430     433     434
     432     430     433     435     434     433     436     437
     434     433     436     438     434     433     436     439
     435     433     436     437     435     433     436     438
     435     433     436     439     440     442     444     446
     440     442     444     450     440     442     444     445
     441     440     442     443     441     440     442     444
     442     444     446     447     442     444     446     448
     442     444     446     449     442     444     450     452
     442     444     450     451     443     442     444     446
     443     442     444     450     443     442     444     445
     444     450     452     453     444     450     452     454
     445     444     446     447     445     444     446     448
     445     444     446     449     445     444     450     452
     445     444     450     451     446     444     450     452
     446     444     450     451     447     446     444     450
     448     446     444     450     449     446     444     450
     450     452     454     456     450     452     454     470
     450     452     454     455     451     450     452     453
     451     450     452     454     452     454     456     459
     452     454     456     457     452     454     456     458
     452     454     470     472     452     454     470     471
     453     452     454     456     453     452     454     470
     453     452     454     455     454     470     472     473
     454     470     472     474     454     456     459     466
     454     456     459     460     455     454     456     459
     455     454     456     457     455     454     456     458
     455     454     470     472     455     454     470     471
     456     459     466     467     456     459     466     468
     456     459     460     462     456     459     460     461
     456     454     470     472     456     454     470     471
     457     456     454     470     457     456     459     466
     457     456     459     460     458     456     454     470
     458     456     459     466     458     456     459     460
     459     466     468     464     459     466     468     469
     459     460     462     463     459     460     462     464
     459     456     454     470     460     462     464     468
     460     462     464     465     460     459     466     467
     460     459     466     468     461     460     462     463
     461     460     462     464     461     460     459     466
     462     464     468     466     462     464     468     469
     462     460     459     466     463     462     464     468
     463     462     464     465     464     468     466     467
     465     464     468     466     465     464     468     469
     467     466     468     469     470     472     474     476
     470     472     474     492     470     472     474     475
     471     470     472     473     471     470     472     474
     472     474     476     479     472     474     476     477
     472     474     476     478     472     474     492     494
     472     474     492     493     473     472     474     476
     473     472     474     492     473     472     474     475
     474     492     494     495     474     492     494     496
     474     476     479     482     474     476     479     480
     474     476     479     481     475     474     476     479
     475     474     476     477     475     474     476     478
     475     474     492     494     475     474     492     493
     476     479     482     485     476     479     482     483
     476     479     482     484     476     474     492     494
     476     474     492     493     477     476     474     492
     477     476     479     482     477     476     479     480
     477     476     479     481     478     476     474     492
     478     476     479     482     478     476     479     480
     478     476     479     481     479     482     485     488
     479     482     485     486     479     482     485     487
     479     476     474     492     480     479     482     485
     480     479     482     483     480     479     482     484
     481     479     482     485     481     479     482     483
     481     479     482     484     482     485     488     489
     482     485     488     490     482     485     488     491
     483     482     485     488     483     482     485     486
     483     482     485     487     484     482     485     488
     484     482     485     486     484     482     485     487
     486     485     488     489     486     485     488     490
     486     485     488     491     487     485     488     489
     487     485     488     490     487     485     488     491
     492     494     496     498     492     494     496     509
     492     494     496     497     493     492     494     495
     493     492     494     496     494     496     498     501
     494     496     498     499     494     496     498     500
     494     496     509     511     494     496     509     510
     495     494     496     498     495     494     496     509
     495     494     496     497     496     509     511     512
     496     509     511     513     496     498     501     504
     496     498     501     502     496     498     501     503
     497     496     498     501     497     496     498     499
     497     496     498     500     497     496     509     511
     497     496     509     510     498     501     504     506
     498     501     504     505     498     496     509     511
     498     496     509     510     499     498     496     509
     499     498     501     504     499     498     501     502
     499     498     501     503     500     498     496     509
     500     498     501     504     500     498     501     502
     500     498     501     503     501     504     506     507
     501     504     506     508     501     498     496     509
     502     501     504     506     502     501     504     505
     503     501     504     506     503     501     504     505
     505     504     506     507     505     504     506     508
     509     511     513     515     509     511     513     530
     509     511     513     514     510     509     511     512
     510     509     511     513     511     513     515     518
     511     513     515     516     511     513     515     517
     511     513     530     532     511     513     530     531
     512     511     513     515     512     511     513     530
     512     511     513     514     513     530     532     533
     513     530     532     534     513     515     518     526
     513     515     518     519     514     513     515     518
     514     513     515     516     514     513     515     517
     514     513     530     532     514     513     530     531
     515     518     526     527     515     518     526     528
     515     518     519     521     515     518     519     520
     515     513     530     532     515     513     530     531
     516     515     513     530     516     515     518     526
     516     515     518     519     517     515     513     530
     517     515     518     526     517     515     518     519
     518     526     528     523     518     526     528     529
     518     519     521     522     518     519     521     523
     518     515     513     530     519     521     523     528
     519     521     523     524     519     518     526     527
     519     518     526     528     520     519     521     522
     520     519     521     523     520     519     518     526
     521     523     528     529     521     523     528     526
     521     523     524     525     521     519     518     526
     522     521     523     528     522     521     523     524
     523     528     526     527     524     523     528     529
     524     523     528     526     525     524     523     528
     527     526     528     529     530     532     534     536
     530     532     534     540     530     532     534     535
     531     530     532     533     531     530     532     534
     532     534     536     537     532     534     536     538
     532     534     536     539     532     534     540     542
     532     534     540     541     533     532     534     536
     533     532     534     540     533     532     534     535
     534     540     542     543     534     540     542     544
     535     534     536     537     535     534     536     538
     535     534     536     539     535     534     540     542
     535     534     540     541     536     534     540     542
     536     534     540     541     537     536     534     540
     538     536     534     540     539     536     534     540
     540     542     544     546     540     542     544     554
     540     542     544     545     541     540     542     543
     541     540     542     544     542     544     546     549
     542     544     546     547     542     544     546     548
     542     544     554     556     542     544     554     555
     543     542     544     546     543     542     544     554
     543     542     544     545     544     554     556     557
     544     554     556     558     544     546     549     551
     544     546     549     550     545     544     546     549
     545     544     546     547     545     544     546     548
     545     544     554     556     545     544     554     555
     546     549     551     552     546     549     551     553
     546     544     554     556     546     544     554     555
     547     546     544     554     547     546     549     551
     547     546     549     550     548     546     544     554
     548     546     549     551     548     546     549     550
     549     546     544     554     550     549     551     552
     550     549     551     553     554     556     558     560
     554     556     558     566     554     556     558     559
     555     554     556     557     555     554     556     558
     556     558     560     563     556     558     560     561
     556     558     560     562     556     558     566     568
     556     558     566     567     557     556     558     560
     557     556     558     566     557     556     558     559
     558     566     568     569     558     566     568     570
     558     560     563     565     558     560     563     564
     559     558     560     563     559     558     560     561
     559     558     560     562     559     558     566     568
     559     558     566     567     560     558     566     568
     560     558     566     567     561     560     558     566
     561     560     563     565     561     560     563     564
     562     560     558     566     562     560     563     565
     562     560     563     564     563     560     558     566
     566     568     570     572     566     568     570     580
     566     568     570     571     567     566     568     569
     567     566     568     570     568     570     572     575
     568     570     572     573     568     570     572     574
     568     570     580     582     568     570     580     581
     569     568     570     572     569     568     570     580
     569     568     570     571     570     580     582     583
     570     580     582     584     570     572     575     577
     570     572     575     576     571     570     572     575
     571     570     572     573     571     570     572     574
     571     570     580     582     571     570     580     581
     572     575     577     578     572     575     577     579
     572     570     580     582     572     570     580     581
     573     572     570     580     573     572     575     577
     573     572     575     576     574     572     570     580
     574     572     575     577     574     572     575     576
     575     572     570     580     576     575     577     578
     576     575     577     579     580     582     584     587
     580     582     584     585     580     582     584     586
     581     580     582     583     581     580     582     584
     582     584     587     589     582     584     587     588
     583     582     584     587     583     582     584     585
     583     582     584     586     584     587     589     590
     584     587     589     591     585     584     587     589
     585     584     587     588     586     584     587     589
     586     584     587     588     587     589     591     593
     587     589     591     603     587     589     591     592
     588     587     589     590     588     587     589     591
     589     591     593     595     589     591     593     599
     589     591     593     594     589     591     603     605
     589     591     603     604     590     589     591     593
     590     589     591     603     590     589     591     592
     591     603     605     606     591     603     605     607
     591     593     595     596     591     593     595     597
     591     593     595     598     591     593     599     600
     591     593     599     601     591     593     599     602
     592     591     593     595     592     591     593     599
     592     591     593     594     592     591     603     605
     592     591     603     604     593     591     603     605
     593     591     603     604     594     593     591     603
     594     593     595     596     594     593     595     597
     594     593     595     598     594     593     599     600
     594     593     599     601     594     593     599     602
     595     593     591     603     595     593     599     600
     595     593     599     601     595     593     599     602
     596     595     593     599     597     595     593     599
     598     595     593     599     599     593     591     603
     603     605     607     609     603     605     607     615
     603     605     607     608     604     603     605     606
     604     603     605     607     605     607     609     612
     605     607     609     610     605     607     609     611
     605     607     615     617     605     607     615     616
     606     605     607     609     606     605     607     615
     606     605     607     608     607     615     617     618
     607     615     617     619     607     609     612     614
     607     609     612     613     608     607     609     612
     608     607     609     610     608     607     609     611
     608     607     615     617     608     607     615     616
     609     607     615     617     609     607     615     616
     610     609     607     615     610     609     612     614
     610     609     612     613     611     609     607     615
     611     609     612     614     611     609     612     613
     612     609     607     615     615     617     619     622
     615     617     619     620     615     617     619     621
     616     615     617     618     616     615     617     619
     617     619     622     624     617     619     622     623
     618     617     619     622     618     617     619     620
     618     617     619     621     619     622     624     625
     619     622     624     626     620     619     622     624
     620     619     622     623     621     619     622     624
     621     619     622     623     622     624     626     628
     622     624     626     638     622     624     626     627
     623     622     624     625     623     622     624     626
     624     626     628     630     624     626     628     634
     624     626     628     629     624     626     638     640
     624     626     638     639     625     624     626     628
     625     624     626     638     625     624     626     627
     626     638     640     641     626     638     640     642
     626     628     630     631     626     628     630     632
     626     628     630     633     626     628     634     635
     626     628     634     636     626     628     634     637
     627     626     628     630     627     626     628     634
     627     626     628     629     627     626     638     640
     627     626     638     639     628     626     638     640
     628     626     638     639     629     628     626     638
     629     628     630     631     629     628     630     632
     629     628     630     633     629     628     634     635
     629     628     634     636     629     628     634     637
     630     628     626     638     630     628     634     635
     630     628     634     636     630     628     634     637
     631     630     628     634     632     630     628     634
     633     630     628     634     634     628     626     638
     638     640     642     644     638     640     642     662
     638     640     642     643     639     638     640     641
     639     638     640     642     640     642     644     647
     640     642     644     645     640     642     644     646
     640     642     662     664     640     642     662     663
     641     640     642     644     641     640     642     662
     641     640     642     643     642     662     664     665
     642     662     664     666     642     644     647     653
     642     644     647     648     643     642     644     647
     643     642     644     645     643     642     644     646
     643     642     662     664     643     642     662     663
     644     647     653     654     644     647     653     652
     644     647     648     650     644     647     648     649
     644     642     662     664     644     642     662     663
     645     644     642     662     645     644     647     653
     645     644     647     648     646     644     642     662
     646     644     647     653     646     644     647     648
     647     653     654     655     647     653     654     656
     647     653     652     658     647     653     652     650
     647     648     650     652     647     648     650     651
     647     644     642     662     648     650     652     658
     648     650     652     653     648     647     653     654
     648     647     653     652     649     648     650     652
     649     648     650     651     649     648     647     653
     650     652     658     659     650     652     658     660
     650     652     653     654     650     648     647     653
     651     650     652     658     651     650     652     653
     652     658     660     656     652     658     660     661
     652     653     654     655     652     653     654     656
     653     654     656     660     653     654     656     657
     653     652     658     659     653     652     658     660
     654     656     660     661     654     656     660     658
     654     653     652     658     655     654     656     660
     655     654     656     657     656     660     658     659
     657     656     660     661     657     656     660     658
     659     658     660     661     662     664     666     668
     662     664     666     676     662     664     666     667
     663     662     664     665     663     662     664     666
     664     666     668     670     664     666     668     672
     664     666     668     669     664     666     676     678
     664     666     676     677     665     664     666     668
     665     664     666     676     665     664     666     667
     666     676     678     679     666     676     678     680
     666     668     670     671     666     668     672     673
     666     668     672     674     666     668     672     675
     667     666     668     670     667     666     668     672
     667     666     668     669     667     666     676     678
     667     666     676     677     668     666     676     678
     668     666     676     677     669     668     666     676
     669     668     670     671     669     668     672     673
     669     668     672     674     669     668     672     675
     670     668     666     676     670     668     672     673
     670     668     672     674     670     668     672     675
     671     670     668     672     672     668     666     676
     676     678     680     682     676     678     680     697
     676     678     680     681     677     676     678     679
     677     676     678     680     678     680     682     685
     678     680     682     683     678     680     682     684
     678     680     697     699     678     680     697     698
     679     678     680     682     679     678     680     697
     679     678     680     681     680     697     699     700
     680     697     699     701     680     682     685     693
     680     682     685     686     681     680     682     685
     681     680     682     683     681     680     682     684
     681     680     697     699     681     680     697     698
     682     685     693     694     682     685     693     695
     682     685     686     688     682     685     686     687
     682     680     697     699     682     680     697     698
     683     682     680     697     683     682     685     693
     683     682     685     686     684     682     680     697
     684     682     685     693     684     682     685     686
     685     693     695     690     685     693     695     696
     685     686     688     689     685     686     688     690
     685     682     680     697     686     688     690     695
     686     688     690     691     686     685     693     694
     686     685     693     695     687     686     688     689
     687     686     688     690     687     686     685     693
     688     690     695     696     688     690     695     693
     688     690     691     692     688     686     685     693
     689     688     690     695     689     688     690     691
     690     695     693     694     691     690     695     696
     691     690     695     693     692     691     690     695
     694     693     695     696     697     699     701     703
     697     699     701     709     697     699     701     702
     698     697     699     700     698     697     699     701
     699     701     703     706     699     701     703     704
     699     701     703     705     699     701     709     711
     699     701     709     710     700     699     701     703
     700     699     701     709     700     699     701     702
     701     709     711     712     701     709     711     713
     701     703     706     708     701     703     706     707
     702     701     703     706     702     701     703     704
     702     701     703     705     702     701     709     711
     702     701     709     710     703     701     709     711
     703     701     709     710     704     703     701     709
     704     703     706     708     704     703     706     707
     705     703     701     709     705     703     706     708
     705     703     706     707     706     703     701     709
     709     711     713     715     709     711     713     721
     709     711     713     714     710     709     711     712
     710     709     711     713     711     713     715     718
     711     713     715     716     711     713     715     717
     711     713     721     723     711     713     721     722
     712     711     713     715     712     711     713     721
     712     711     713     714     713     721     723     724
     713     721     723     725     713     715     718     720
     713     715     718     719     714     713     715     718
     714     713     715     716     714     713     715     717
     714     713     721     723     714     713     721     722
     715     713     721     723     715     713     721     722
     716     715     713     721     716     715     718     720
     716     715     718     719     717     715     713     721
     717     715     718     720     717     715     718     719
     718     715     713     721     721     723     725     727
     721     723     725     731     721     723     725     726
     722     721     723     724     722     721     723     725
     723     725     727     728     723     725     727     729
     723     725     727     730     723     725     731     733
     723     725     731     732     724     723     725     727
     724     723     725     731     724     723     725     726
     725     731     733     734     725     731     733     735
     726     725     727     728     726     725     727     729
     726     725     727     730     726     725     731     733
     726     725     731     732     727     725     731     733
     727     725     731     732     728     727     725     731
     729     727     725     731     730     727     725     731
     731     733     735     737     731     733     735     745
     731     733     735     736     732     731     733     734
     732     731     733     735     733     735     737     739
     733     735     737     741     733     735     737     738
     733     735     745     747     733     735     745     746
     734     733     735     737     734     733     735     745
     734     733     735     736     735     745     747     748
     735     745     747     749     735     737     739     740
     735     737     741     742     735     737     741     743
     735     737     741     744     736     735     737     739
     736     735     737     741     736     735     737     738
     736     735     745     747     736     735     745     746
     737     735     745     747     737     735     745     746
     738     737     735     745     738     737     739     740
     738     737     741     742     738     737     741     743
     738     737     741     744     739     737     735     745
     739     737     741     742     739     737     741     743
     739     737     741     744     740     739     737     741
     741     737     735     745     745     747     749     751
     745     747     749     767     745     747     749     750
     746     745     747     748     746     745     747     749
     747     749     751     754     747     749     751     752
     747     749     751     753     747     749     767     769
     747     749     767     768     748     747     749     751
     748     747     749     767     748     747     749     750
     749     767     769     770     749     767     769     771
     749     751     754     757     749     751     754     755
     749     751     754     756     750     749     751     754
     750     749     751     752     750     749     751     753
     750     749     767     769     750     749     767     768
     751     754     757     760     751     754     757     758
     751     754     757     759     751     749     767     769
     751     749     767     768     752     751     749     767
     752     751     754     757     752     751     754     755
     752     751     754     756     753     751     749     767
     753     751     754     757     753     751     754     755
     753     751     754     756     754     757     760     763
     754     757     760     761     754     757     760     762
     754     751     749     767     755     754     757     760
     755     754     757     758     755     754     757     759
     756     754     757     760     756     754     757     758
     756     754     757     759     757     760     763     764
     757     760     763     765     757     760     763     766
     758     757     760     763     758     757     760     761
     758     757     760     762     759     757     760     763
     759     757     760     761     759     757     760     762
     761     760     763     764     761     760     763     765
     761     760     763     766     762     760     763     764
     762     760     763     765     762     760     763     766
     767     769     771     773     767     769     771     781
     767     769     771     772     768     767     769     770
     768     767     769     771     769     771     773     775
     769     771     773     777     769     771     773     774
     769     771     781     783     769     771     781     782
     770     769     771     773     770     769     771     781
     770     769     771     772     771     781     783     784
     771     781     783     785     771     773     775     776
     771     773     777     778     771     773     777     779
     771     773     777     780     772     771     773     775
     772     771     773     777     772     771     773     774
     772     771     781     783     772     771     781     782
     773     771     781     783     773     771     781     782
     774     773     771     781     774     773     775     776
     774     773     777     778     774     773     777     779
     774     773     777     780     775     773     771     781
     775     773     777     778     775     773     777     779
     775     773     777     780     776     775     773     777
     777     773     771     781     781     783     785     787
     781     783     785     801     781     783     785     786
     782     781     783     784     782     781     783     785
     783     785     787     790     783     785     787     788
     783     785     787     789     783     785     801     803
     783     785     801     802     784     783     785     787
     784     783     785     801     784     783     785     786
     785     801     803     804     785     801     803     805
     785     787     790     797     785     787     790     791
     786     785     787     790     786     785     787     788
     786     785     787     789     786     785     801     803
     786     785     801     802     787     790     797     798
     787     790     797     799     787     790     791     793
     787     790     791     792     787     785     801     803
     787     785     801     802     788     787     785     801
     788     787     790     797     788     787     790     791
     789     787     785     801     789     787     790     797
     789     787     790     791     790     797     799     795
     790     797     799     800     790     791     793     794
     790     791     793     795     790     787     785     801
     791     793     795     799     791     793     795     796
     791     790     797     798     791     790     797     799
     792     791     793     794     792     791     793     795
     792     791     790     797     793     795     799     797
     793     795     799     800     793     791     790     797
     794     793     795     799     794     793     795     796
     795     799     797     798     796     795     799     797
     796     795     799     800     798     797     799     800
     801     803     805     807     801     803     805     815
     801     803     805     806     802     801     803     804
     802     801     803     805     803     805     807     809
     803     805     807     811     803     805     807     808
     803     805     815     817     803     805     815     816
     804     803     805     807     804     803     805     815
     804     803     805     806     805     815     817     818
     805     815     817     819     805     807     809     810
     805     807     811     812     805     807     811     813
     805     807     811     814     806     805     807     809
     806     805     807     811     806     805     807     808
     806     805     815     817     806     805     815     816
     807     805     815     817     807     805     815     816
     808     807     805     815     808     807     809     810
     808     807     811     812     808     807     811     813
     808     807     811     814     809     807     805     815
     809     807     811     812     809     807     811     813
     809     807     811     814     810     809     807     811
     811     807     805     815     815     817     819     821
     815     817     819     831     815     817     819     820
     816     815     817     818     816     815     817     819
     817     819     821     823     817     819     821     827
     817     819     821     822     817     819     831     833
     817     819     831     832     818     817     819     821
     818     817     819     831     818     817     819     820
     819     831     833     834     819     831     833     835
     819     821     823     824     819     821     823     825
     819     821     823     826     819     821     827     828
     819     821     827     829     819     821     827     830
     820     819     821     823     820     819     821     827
     820     819     821     822     820     819     831     833
     820     819     831     832     821     819     831     833
     821     819     831     832     822     821     819     831
     822     821     823     824     822     821     823     825
     822     821     823     826     822     821     827     828
     822     821     827     829     822     821     827     830
     823     821     819     831     823     821     827     828
     823     821     827     829     823     821     827     830
     824     823     821     827     825     823     821     827
     826     823     821     827     827     821     819     831
     831     833     835     837     831     833     835     845
     831     833     835     836     832     831     833     834
     832     831     833     835     833     835     837     839
     833     835     837     841     833     835     837     838
     833     835     845     851     833     835     845     846
     834     833     835     837     834     833     835     845
     834     833     835     836     835     845     851     852
     835     845     851     847     835     837     839     840
     835     837     841     842     835     837     841     843
     835     837     841     844     836     835     837     839
     836     835     837     841     836     835     837     838
     836     835     845     851     836     835     845     846
     837     835     845     851     837     835     845     846
     838     837     835     845     838     837     839     840
     838     837     841     842     838     837     841     843
     838     837     841     844     839     837     835     845
     839     837     841     842     839     837     841     843
     839     837     841     844     840     839     837     841
     841     837     835     845     845     851     847     854
     845     851     847     848     845     851     847     853
     846     845     851     852     846     845     851     847
     847     854     857     860     847     854     857     858
     847     854     857     859     848     847     854     857
     848     847     854     855     848     847     854     856
     848     847     851     852     849     848     847     854
     849     848     847     851     849     848     847     853
     850     848     847     854     850     848     847     851
     850     848     847     853     851     847     854     857
     851     847     854     855     851     847     854     856
     852     851     847     854     852     851     847     853
     853     847     854     857     853     847     854     855
     853     847     854     856     854     857     860     862
     854     857     860     861     855     854     857     860
     855     854     857     858     855     854     857     859
     856     854     857     860     856     854     857     858
     856     854     857     859     858     857     860     862
     858     857     860     861     859     857     860     862
     859     857     860     861
