      19      18       5      20      21      20      18      22
      31      30      27      32      34      32      30      33
      36      35      22      37      38      37      35      39
      41      44      45      52      46      45      44      47
      48      47      45      49      50      49      47      54
      53      52      54      44      55      54      49      52
      57      56      39      58      59      58      56      60
      79      78      60      80      81      80      78      82
      98      97      82      99     100      99      97     101
     114     113     101     115     116     115     113     117
     133     132     117     134     135     134     132     136
     142     141     138     143     145     143     141     144
     147     146     136     148     149     148     146     150
     154     153     150     155     156     155     153     157
     176     175     157     177     178     177     175     179
     190     189     179     191     192     191     189     193
     209     208     193     210     211     210     208     212
     231     230     212     232     233     232     230     234
     238     237     234     239     240     239     237     241
     251     249     246     250     253     252     241     254
     255     254     252     256     267     266     256     268
     269     268     266     270     281     280     270     282
     283     282     280     284     295     294     284     296
     297     296     294     298     317     316     298     318
     319     318     316     320     327     326     320     328
     329     328     326     330     343     342     330     344
     345     344     342     346     353     351     348     352
     355     354     346     356     357     356     354     358
     365     364     358     366     367     366     364     368
     378     376     373     377     380     379     368     381
     382     381     379     383     394     393     383     395
     396     395     393     397     404     403     397     405
     406     405     403     407     417     415     412     416
     419     418     407     420     421     420     418     422
     441     440     422     442     443     442     440     444
     451     450     444     452     453     452     450     454
     456     459     460     466     461     460     459     462
     463     462     460     464     465     464     462     468
     467     466     468     459     469     468     464     466
     471     470     454     472     473     472     470     474
     493     492     474     494     495     494     492     496
     505     504     501     506     508     506     504     507
     510     509     496     511     512     511     509     513
     515     518     519     526     520     519     518     521
     522     521     519     523     524     523     521     528
     527     526     528     518     529     528     523     526
     531     530     513     532     533     532     530     534
     541     540     534     542     543     542     540     544
     550     549     546     551     553     551     549     552
     555     554     544     556     557     556     554     558
     565     563     560     564     567     566     558     568
     569     568     566     570     576     575     572     577
     579     577     575     578     581     580     570     582
     583     582     580     584     588     587     584     589
     590     589     587     591     604     603     591     605
     606     605     603     607     614     612     609     613
     616     615     607     617     618     617     615     619
     623     622     619     624     625     624     622     626
     639     638     626     640     641     640     638     642
     644     647     648     653     649     648     647     650
     651     650     648     652     652     653     654     647
     655     654     656     653     657     656     660     654
     658     652     653     650     659     658     652     660
     661     660     658     656     663     662     642     664
     665     664     662     666     677     676     666     678
     679     678     676     680     682     685     686     693
     687     686     685     688     689     688     686     690
     691     690     688     695     694     693     695     685
     696     695     690     693     698     697     680     699
     700     699     697     701     708     706     703     707
     710     709     701     711     712     711     709     713
     720     718     715     719     722     721     713     723
     724     723     721     725     732     731     725     733
     734     733     731     735     746     745     735     747
     748     747     745     749     768     767     749     769
     770     769     767     771     782     781     771     783
     784     783     781     785     787     790     791     797
     792     791     790     793     794     793     791     795
     796     795     793     799     798     797     799     790
     800     799     795     797     802     801     785     803
     804     803     801     805     816     815     805     817
     818     817     815     819     832     831     819     833
     834     833     831     835     846     845     835     851
     850     848     847     849     852     851     845     847
     862     860     857     861
