-0.422355, 2.930003, 0.255426 
0.366304, 0.000000, 0.000000 
0.366304, 0.000000, 0.000000 
0.366304, 0.000000, 0.000000 
0.113913, 3.243967, 0.061947 
0.100148, 2.319242, 0.035964 
-0.158764, 3.407809, 0.061947 
0.073573, 2.463041, 0.035964 
0.111540, 2.308790, 0.035964 
0.032408, 3.280859, 0.061947 
0.082381, 2.450306, 0.035964 
0.070033, 2.414190, 0.035964 
-0.343463, 3.698410, 0.225393 
-0.156148, 3.390052, 0.061947 
0.113743, 2.355715, 0.035964 
0.113743, 2.355715, 0.035964 
0.113743, 2.355715, 0.035964 
0.550981, 3.132620, 0.061947 
-0.631145, 3.105610, 0.100097 
-0.465968, 3.203672, 0.150841 
0.301690, 0.000000, 0.000000 
0.159290, 3.241615, 0.061947 
0.063046, 2.461227, 0.035964 
-0.110013, 3.413306, 0.061947 
0.084995, 2.326163, 0.035964 
0.077507, 2.450313, 0.035964 
-0.283147, 3.457352, 0.061947 
0.118852, 2.310502, 0.035964 
0.102411, 2.438438, 0.035964 
0.839822, 2.969510, 0.061947 
-0.751868, 3.210746, 0.100097 
-0.908693, 3.421063, 0.135316 
0.426812, 0.000000, 0.000000 
0.433410, 0.000000, 0.000000 
0.565016, 3.166875, 0.061947 
-0.657477, 3.152429, 0.100097 
-0.480504, 3.199399, 0.156825 
0.297478, 0.000000, 0.000000 
0.162577, 3.252743, 0.061947 
0.092676, 2.399509, 0.035964 
-0.205574, 3.511898, 0.061947 
0.097324, 2.401721, 0.035964 
0.099897, 2.326976, 0.035964 
0.063721, 3.460005, 0.061947 
-0.157090, 3.629479, 0.061947 
0.123958, 2.319915, 0.035964 
-0.265649, 3.622543, 0.061947 
0.156756, 2.238647, 0.035964 
0.419269, 3.268759, 0.061947 
-0.615681, 3.048176, 0.123325 
0.480542, 0.000000, 0.000000 
-0.121498, 3.579312, 0.061947 
0.130911, 2.341015, 0.035964 
-0.334898, 3.707134, 0.061947 
0.154812, 2.330214, 0.035964 
0.561073, 3.144160, 0.061947 
-0.593619, 3.041632, 0.100097 
-0.505162, 3.220165, 0.147533 
0.317132, 0.000000, 0.000000 
0.207889, 3.193563, 0.061947 
0.043758, 2.535723, 0.035964 
-0.193518, 3.476395, 0.061947 
0.081660, 2.394143, 0.035964 
0.086013, 2.370437, 0.035964 
-0.051660, 3.374661, 0.061947 
0.050183, 2.496170, 0.035964 
0.057512, 2.411753, 0.035964 
-0.147410, 3.406656, 0.061947 
0.079528, 2.384717, 0.035964 
0.067497, 2.440602, 0.035964 
0.090670, 3.209424, 0.061947 
0.061967, 2.406722, 0.035964 
0.067990, 2.362735, 0.035964 
-0.428352, 2.961457, 0.231848 
0.363513, 0.000000, 0.000000 
0.363513, 0.000000, 0.000000 
0.363513, 0.000000, 0.000000 
0.522705, 3.239733, 0.061947 
-0.601038, 3.068728, 0.100097 
-0.507921, 3.283200, 0.148344 
0.311727, 0.000000, 0.000000 
0.229555, 3.182832, 0.061947 
0.054702, 2.433082, 0.035964 
-0.284932, 3.556148, 0.061947 
0.084301, 2.490365, 0.035964 
0.081663, 2.592706, 0.035964 
0.268214, 3.197343, 0.061947 
0.002494, 2.482269, 0.035964 
-0.378976, 3.565605, 0.061947 
0.100067, 2.400831, 0.035964 
0.100067, 2.400831, 0.035964 
0.100067, 2.400831, 0.035964 
-0.354599, 3.554098, 0.061947 
0.094271, 2.382768, 0.035964 
0.094271, 2.382768, 0.035964 
0.094271, 2.382768, 0.035964 
0.496881, 3.249004, 0.061947 
-0.601872, 3.087909, 0.100097 
-0.448302, 3.233474, 0.158204 
0.274795, 0.000000, 0.000000 
0.098265, 3.259620, 0.061947 
0.063340, 2.513348, 0.035964 
0.192485, 3.190704, 0.061947 
0.024176, 2.475762, 0.035964 
-0.389456, 3.597590, 0.061947 
0.102954, 2.430636, 0.035964 
0.102954, 2.430636, 0.035964 
0.102954, 2.430636, 0.035964 
-0.347905, 3.560746, 0.061947 
0.095009, 2.404930, 0.035964 
0.095009, 2.404930, 0.035964 
0.095009, 2.404930, 0.035964 
0.525344, 3.200060, 0.061947 
-0.580233, 3.027162, 0.100097 
-0.469060, 3.204913, 0.150571 
0.312824, 0.000000, 0.000000 
0.126708, 3.246753, 0.061947 
0.051690, 2.579046, 0.035964 
0.036238, 3.378879, 0.061947 
0.043087, 2.473141, 0.035964 
-0.314903, 3.549817, 0.061947 
0.085983, 2.457478, 0.035964 
0.085983, 2.457478, 0.035964 
0.085983, 2.457478, 0.035964 
-0.034115, 3.329074, 0.061947 
0.049936, 2.389955, 0.035964 
0.043864, 2.431875, 0.035964 
-0.254634, 3.479291, 0.061947 
0.072653, 2.457954, 0.035964 
0.072653, 2.457954, 0.035964 
0.072653, 2.457954, 0.035964 
0.559099, 3.192359, 0.061947 
-0.627481, 3.103579, 0.100097 
-0.494780, 3.209860, 0.148286 
0.321691, 0.000000, 0.000000 
0.231610, 3.199821, 0.061947 
0.054081, 2.466430, 0.035964 
-0.374764, 3.560333, 0.061947 
0.126504, 2.351812, 0.035964 
0.135182, 2.373405, 0.035964 
0.827263, 3.009364, 0.061947 
-0.723823, 3.186995, 0.100097 
-0.887628, 3.384840, 0.140351 
0.416251, 0.000000, 0.000000 
0.430281, 0.000000, 0.000000 
0.533779, 3.190965, 0.061947 
-0.636334, 3.129769, 0.100097 
-0.433955, 3.193461, 0.146974 
0.303822, 0.000000, 0.000000 
-0.025418, 3.335336, 0.061947 
0.121200, 2.302941, 0.035964 
0.099149, 2.400395, 0.035964 
0.622565, 3.147164, 0.061947 
-0.679623, 3.188589, 0.100097 
-0.565268, 3.234092, 0.137461 
0.363282, 0.000000, 0.000000 
0.163499, 3.284990, 0.061947 
0.075042, 2.417503, 0.035964 
-0.163050, 3.414033, 0.061947 
0.082289, 2.382338, 0.035964 
0.081793, 2.430313, 0.035964 
0.005294, 3.270003, 0.061947 
0.040299, 2.466557, 0.035964 
0.037198, 2.501655, 0.035964 
-0.173797, 3.396215, 0.061947 
0.084277, 2.363967, 0.035964 
0.084900, 2.378389, 0.035964 
0.085613, 3.232347, 0.061947 
0.072452, 2.374322, 0.035964 
0.075800, 2.368818, 0.035964 
-0.451054, 2.985902, 0.197915 
0.391976, 0.000000, 0.000000 
0.391976, 0.000000, 0.000000 
0.391976, 0.000000, 0.000000 
0.541994, 3.254926, 0.061947 
-0.664474, 3.140557, 0.100097 
-0.463812, 3.171808, 0.136158 
0.336630, 0.000000, 0.000000 
-0.033444, 3.398532, 0.061947 
0.135098, 2.272013, 0.035964 
0.413604, 3.142733, 0.061947 
0.015669, 2.397881, 0.035964 
-0.748694, 3.190303, 0.126888 
0.430771, 0.000000, 0.000000 
-0.396389, 3.592329, 0.061947 
0.111840, 2.392014, 0.035964 
0.111840, 2.392014, 0.035964 
0.111840, 2.392014, 0.035964 
0.614763, 3.110270, 0.061947 
-0.667969, 3.146899, 0.100097 
-0.485310, 3.185950, 0.148399 
0.299322, 0.000000, 0.000000 
0.188642, 3.256054, 0.061947 
0.072503, 2.361780, 0.035964 
-0.296862, 3.601376, 0.061947 
0.087849, 2.430765, 0.035964 
0.105797, 2.359964, 0.035964 
0.270514, 3.169677, 0.061947 
0.013915, 2.373480, 0.035964 
-0.376487, 3.592008, 0.061947 
0.094014, 2.420333, 0.035964 
0.094014, 2.420333, 0.035964 
0.094014, 2.420333, 0.035964 
-0.360900, 3.563434, 0.061947 
0.093646, 2.415805, 0.035964 
0.093646, 2.415805, 0.035964 
0.093646, 2.415805, 0.035964 
0.517223, 3.264184, 0.061947 
-0.594952, 3.064681, 0.100097 
-0.515889, 3.211377, 0.133358 
0.347637, 0.000000, 0.000000 
0.209567, 3.204165, 0.061947 
0.072806, 2.346025, 0.035964 
-0.211013, 3.490184, 0.061947 
0.081929, 2.428959, 0.035964 
0.076476, 2.442669, 0.035964 
0.036880, 3.258321, 0.061947 
0.052975, 2.368578, 0.035964 
0.013603, 2.569779, 0.035964 
-0.173339, 3.432873, 0.061947 
0.054628, 2.535916, 0.035964 
0.077026, 2.417168, 0.035964 
0.088575, 3.227596, 0.061947 
0.088666, 2.315298, 0.035964 
0.087071, 2.335798, 0.035964 
-0.427633, 2.946132, 0.214329 
0.381747, 0.000000, 0.000000 
0.381747, 0.000000, 0.000000 
0.381747, 0.000000, 0.000000 
0.545322, 3.190077, 0.061947 
-0.683168, 3.173669, 0.100097 
-0.395110, 3.101843, 0.170220 
0.267381, 0.000000, 0.000000 
-0.036120, 3.313375, 0.061947 
0.113552, 2.347625, 0.035964 
0.104398, 2.349210, 0.035964 
0.650641, 3.073205, 0.061947 
-0.628482, 3.084118, 0.100097 
-0.570273, 3.260388, 0.127245 
0.373864, 0.000000, 0.000000 
0.163903, 3.243945, 0.061947 
0.070245, 2.428304, 0.035964 
-0.094554, 3.390509, 0.061947 
0.073646, 2.423932, 0.035964 
0.069751, 2.436788, 0.035964 
-0.303874, 3.526881, 0.061947 
0.109814, 2.350988, 0.035964 
0.091631, 2.449470, 0.035964 
0.894496, 2.952756, 0.061947 
-0.834909, 3.269199, 0.100097 
-0.868898, 3.331752, 0.100097 
0.582789, 3.166337, 0.061947 
-0.687484, 3.176703, 0.100097 
-0.506740, 3.236637, 0.154076 
0.304835, 0.000000, 0.000000 
0.092550, 3.247886, 0.061947 
0.098000, 2.327430, 0.035964 
0.380851, 3.197516, 0.061947 
0.036641, 2.364298, 0.035964 
-0.749588, 3.165027, 0.117583 
0.479481, 0.000000, 0.000000 
-0.464540, 3.639917, 0.061947 
0.127764, 2.352189, 0.035964 
0.127764, 2.352189, 0.035964 
0.127764, 2.352189, 0.035964 
0.536468, 3.181769, 0.061947 
-0.555770, 2.996352, 0.100097 
-0.468987, 3.220064, 0.147226 
0.318151, 0.000000, 0.000000 
0.008611, 3.353850, 0.061947 
0.085780, 2.456597, 0.035964 
0.387921, 3.172363, 0.061947 
0.017585, 2.372942, 0.035964 
-0.734014, 3.167892, 0.120968 
0.448514, 0.000000, 0.000000 
-0.374377, 3.547107, 0.061947 
0.110641, 2.406309, 0.035964 
0.110641, 2.406309, 0.035964 
0.110641, 2.406309, 0.035964 
0.623742, 3.092304, 0.061947 
-0.667245, 3.125357, 0.100097 
-0.528169, 3.268542, 0.146655 
0.321005, 0.000000, 0.000000 
0.101597, 3.214489, 0.061947 
0.092503, 2.425932, 0.035964 
0.380739, 3.178810, 0.061947 
0.034225, 2.375914, 0.035964 
-0.771693, 3.179478, 0.115627 
0.491349, 0.000000, 0.000000 
-0.443822, 3.663987, 0.061947 
0.114482, 2.422251, 0.035964 
0.114482, 2.422251, 0.035964 
0.114482, 2.422251, 0.035964 
0.566790, 3.130601, 0.061947 
-0.610533, 3.094793, 0.100097 
-0.504140, 3.190219, 0.136401 
0.353313, 0.000000, 0.000000 
0.181435, 3.225334, 0.061947 
0.057929, 2.466551, 0.035964 
-0.173246, 3.424499, 0.061947 
0.077878, 2.413711, 0.035964 
0.080319, 2.417985, 0.035964 
-0.051717, 3.334162, 0.061947 
0.049945, 2.458866, 0.035964 
0.055502, 2.417762, 0.035964 
-0.126135, 3.380804, 0.061947 
0.077609, 2.367356, 0.035964 
0.063863, 2.455607, 0.035964 
0.080076, 3.215015, 0.061947 
0.078696, 2.397179, 0.035964 
0.080592, 2.393443, 0.035964 
-0.449644, 2.979683, 0.204307 
0.386453, 0.000000, 0.000000 
0.386453, 0.000000, 0.000000 
0.386453, 0.000000, 0.000000 
0.565501, 3.190538, 0.061947 
-0.676955, 3.157087, 0.100097 
-0.504868, 3.190473, 0.149567 
0.311668, 0.000000, 0.000000 
0.238200, 3.187288, 0.061947 
0.071993, 2.349017, 0.035964 
-0.388775, 3.574000, 0.061947 
0.120910, 2.357873, 0.035964 
0.120910, 2.357873, 0.035964 
0.120910, 2.357873, 0.035964 
0.562335, 3.153830, 0.061947 
-0.607657, 3.051969, 0.100097 
-0.492361, 3.180436, 0.130373 
0.350112, 0.000000, 0.000000 
0.047397, 3.352347, 0.061947 
0.102883, 2.366780, 0.035964 
0.173930, 3.214752, 0.061947 
0.049517, 2.364058, 0.035964 
-0.358934, 3.554395, 0.061947 
0.100322, 2.406847, 0.035964 
0.100322, 2.406847, 0.035964 
0.100322, 2.406847, 0.035964 
-0.363008, 3.554459, 0.061947 
0.102008, 2.401054, 0.035964 
0.102008, 2.401054, 0.035964 
0.102008, 2.401054, 0.035964 
0.571720, 3.216923, 0.061947 
-0.681214, 3.172213, 0.100097 
-0.466705, 3.161623, 0.159106 
0.283510, 0.000000, 0.000000 
0.233185, 3.196981, 0.061947 
0.079538, 2.339116, 0.035964 
-0.434334, 3.622608, 0.061947 
0.128025, 2.426531, 0.035964 
0.145111, 2.282229, 0.035964 
0.883894, 2.984900, 0.061947 
-0.732885, 3.125138, 0.100097 
-0.844963, 3.293534, 0.100097 
0.527620, 3.265164, 0.061947 
-0.596674, 3.100294, 0.100097 
-0.571332, 3.268332, 0.124235 
0.369380, 0.000000, 0.000000 
0.263121, 3.181029, 0.061947 
0.062292, 2.466811, 0.035964 
-0.394955, 3.563732, 0.061947 
0.127327, 2.322748, 0.035964 
0.127327, 2.322748, 0.035964 
0.127327, 2.322748, 0.035964 
0.526562, 3.231493, 0.061947 
-0.608576, 3.078533, 0.100097 
-0.500975, 3.204056, 0.138207 
0.337566, 0.000000, 0.000000 
0.140210, 3.280916, 0.061947 
0.096165, 2.318087, 0.035964 
-0.106116, 3.381779, 0.061947 
0.078090, 2.389768, 0.035964 
0.079604, 2.398923, 0.035964 
-0.264101, 3.443276, 0.061947 
0.079685, 2.516603, 0.035964 
0.085730, 2.398802, 0.035964 
0.925053, 2.920812, 0.061947 
-0.860164, 3.290070, 0.100097 
-0.880794, 3.338632, 0.100097 
0.520583, 3.246931, 0.061947 
-0.616050, 3.122223, 0.100097 
-0.441917, 3.207310, 0.159536 
0.286965, 0.000000, 0.000000 
0.005237, 3.378400, 0.061947 
0.101988, 2.385471, 0.035964 
0.393603, 3.189096, 0.061947 
0.026402, 2.336810, 0.035964 
-0.752595, 3.217356, 0.131086 
0.419279, 0.000000, 0.000000 
-0.406662, 3.584133, 0.061947 
0.117214, 2.392282, 0.035964 
0.117214, 2.392282, 0.035964 
0.117214, 2.392282, 0.035964 
0.559807, 3.270113, 0.061947 
-0.644466, 3.156134, 0.100097 
-0.498587, 3.206302, 0.151443 
0.306103, 0.000000, 0.000000 
0.249486, 3.182952, 0.061947 
0.070730, 2.359000, 0.035964 
-0.385694, 3.561037, 0.061947 
0.118422, 2.427464, 0.035964 
0.118422, 2.427464, 0.035964 
0.118422, 2.427464, 0.035964 
0.531176, 3.241199, 0.061947 
-0.642980, 3.169675, 0.100097 
-0.473921, 3.174037, 0.153589 
0.307304, 0.000000, 0.000000 
0.152237, 3.280774, 0.061947 
0.071010, 2.451885, 0.035964 
-0.111552, 3.411991, 0.061947 
0.069420, 2.406664, 0.035964 
0.083197, 2.424684, 0.035964 
-0.284707, 3.511370, 0.061947 
0.089294, 2.378844, 0.035964 
0.079902, 2.505933, 0.035964 
0.943504, 2.865349, 0.061947 
-0.887570, 3.348394, 0.100097 
-0.883650, 3.328744, 0.100097 
0.546000, 3.226371, 0.061947 
-0.614684, 3.112640, 0.100097 
-0.497943, 3.183198, 0.149738 
0.322327, 0.000000, 0.000000 
0.167325, 3.266514, 0.061947 
0.078831, 2.358357, 0.035964 
-0.186662, 3.478050, 0.061947 
0.090596, 2.339685, 0.035964 
0.072129, 2.541966, 0.035964 
-0.013296, 3.311631, 0.061947 
0.046395, 2.505616, 0.035964 
0.039027, 2.476334, 0.035964 
-0.143645, 3.410337, 0.061947 
0.062926, 2.447742, 0.035964 
0.074367, 2.421540, 0.035964 
0.070947, 3.251051, 0.061947 
0.074523, 2.394595, 0.035964 
0.067211, 2.377266, 0.035964 
-0.412384, 2.941067, 0.233981 
0.360627, 0.000000, 0.000000 
0.360627, 0.000000, 0.000000 
0.360627, 0.000000, 0.000000 
0.539571, 3.247283, 0.061947 
-0.657440, 3.171421, 0.100097 
-0.479514, 3.162334, 0.150229 
0.319385, 0.000000, 0.000000 
0.234693, 3.188677, 0.061947 
0.073824, 2.293920, 0.035964 
-0.391348, 3.559372, 0.061947 
0.122781, 2.372754, 0.035964 
0.122781, 2.372754, 0.035964 
0.122781, 2.372754, 0.035964 
0.559589, 3.193329, 0.061947 
-0.667346, 3.179168, 0.100097 
-0.492007, 3.187148, 0.148424 
0.327763, 0.000000, 0.000000 
0.204525, 3.222406, 0.061947 
0.065084, 2.395339, 0.035964 
-0.214694, 3.508496, 0.061947 
0.107620, 2.289121, 0.035964 
0.107786, 2.399480, 0.035964 
0.117394, 3.452974, 0.061947 
-0.230844, 3.670469, 0.061947 
0.139210, 2.238428, 0.035964 
-0.082680, 3.532354, 0.061947 
0.117991, 2.293865, 0.035964 
-0.118507, 3.585014, 0.061947 
0.121207, 2.293610, 0.035964 
-0.199608, 3.628125, 0.061947 
0.144513, 2.244746, 0.035964 
-0.084428, 3.576913, 0.061947 
0.092814, 2.445539, 0.035964 
0.504552, 3.291848, 0.061947 
-0.641850, 3.167402, 0.100097 
-0.467977, 3.190652, 0.152153 
0.315545, 0.000000, 0.000000 
0.167206, 3.260888, 0.061947 
0.052017, 2.538632, 0.035964 
-0.162425, 3.430386, 0.061947 
0.080392, 2.391051, 0.035964 
0.075209, 2.470110, 0.035964 
-0.015114, 3.284990, 0.061947 
0.059863, 2.325085, 0.035964 
0.040359, 2.589044, 0.035964 
-0.172233, 3.440489, 0.061947 
0.074548, 2.424520, 0.035964 
0.066951, 2.429705, 0.035964 
0.089060, 3.244821, 0.061947 
0.070556, 2.364339, 0.035964 
0.058665, 2.415210, 0.035964 
-0.421627, 2.940271, 0.226631 
0.367724, 0.000000, 0.000000 
0.367724, 0.000000, 0.000000 
0.367724, 0.000000, 0.000000 
0.527830, 3.242942, 0.061947 
-0.610075, 3.051066, 0.100097 
-0.448564, 3.150272, 0.156059 
0.309003, 0.000000, 0.000000 
0.136830, 3.274135, 0.061947 
0.086893, 2.300036, 0.035964 
-0.101874, 3.383689, 0.061947 
0.080121, 2.425558, 0.035964 
0.086041, 2.427918, 0.035964 
-0.317389, 3.554233, 0.061947 
0.115782, 2.361504, 0.035964 
0.127996, 2.289836, 0.035964 
0.813729, 3.039378, 0.061947 
-0.787158, 3.246061, 0.100097 
-0.894030, 3.400449, 0.142093 
0.448331, 0.000000, 0.000000 
0.408365, 0.000000, 0.000000 
0.537971, 3.243550, 0.061947 
-0.608779, 3.129932, 0.100097 
-0.500414, 3.196934, 0.146147 
0.329204, 0.000000, 0.000000 
0.156471, 3.270273, 0.061947 
0.090225, 2.308718, 0.035964 
-0.159667, 3.456224, 0.061947 
0.084940, 2.439105, 0.035964 
0.109687, 2.285045, 0.035964 
0.028560, 3.531881, 0.061947 
-0.127488, 3.588250, 0.061947 
0.137417, 2.240401, 0.035964 
-0.314836, 3.716147, 0.061947 
0.168966, 2.176196, 0.035964 
0.416086, 3.307708, 0.061947 
-0.658630, 3.086847, 0.121316 
0.490119, 0.000000, 0.000000 
-0.129504, 3.566870, 0.061947 
0.113759, 2.432054, 0.035964 
-0.299054, 3.726617, 0.061947 
0.156565, 2.282648, 0.035964 
0.527961, 3.279719, 0.061947 
-0.633068, 3.129490, 0.100097 
-0.487162, 3.172849, 0.148345 
0.325500, 0.000000, 0.000000 
0.236742, 3.197379, 0.061947 
0.071211, 2.341623, 0.035964 
-0.366936, 3.523542, 0.061947 
0.116823, 2.423274, 0.035964 
0.116823, 2.423274, 0.035964 
0.116823, 2.423274, 0.035964 
0.532262, 3.261863, 0.061947 
-0.622987, 3.133656, 0.100097 
-0.501352, 3.228558, 0.147728 
0.314415, 0.000000, 0.000000 
0.207444, 3.251046, 0.061947 
0.090208, 2.370049, 0.035964 
-0.371482, 3.535363, 0.061947 
0.152087, 2.280047, 0.035964 
0.128348, 2.336812, 0.035964 
0.829353, 2.994111, 0.061947 
-0.764043, 3.213274, 0.100097 
-0.853517, 3.381442, 0.155820 
0.380770, 0.000000, 0.000000 
0.418668, 0.000000, 0.000000 
0.527400, 3.229969, 0.061947 
-0.660870, 3.152959, 0.100097 
-0.491236, 3.193086, 0.146688 
0.331380, 0.000000, 0.000000 
0.254632, 3.180552, 0.061947 
0.061429, 2.450917, 0.035964 
-0.443586, 3.640901, 0.061947 
0.146480, 2.310499, 0.035964 
0.126301, 2.459156, 0.035964 
0.956129, 2.891075, 0.061947 
-0.847865, 3.259772, 0.100097 
-0.895929, 3.343955, 0.100097 
0.524752, 3.264734, 0.061947 
-0.675330, 3.166991, 0.100097 
-0.461379, 3.178891, 0.157072 
0.284879, 0.000000, 0.000000 
0.209855, 3.219876, 0.061947 
0.087791, 2.389331, 0.035964 
-0.375469, 3.558361, 0.061947 
0.136503, 2.426375, 0.035964 
0.124469, 2.369093, 0.035964 
0.833033, 2.986607, 0.061947 
-0.764552, 3.223567, 0.100097 
-0.856814, 3.357944, 0.155185 
0.407702, 0.000000, 0.000000 
0.408081, 0.000000, 0.000000 
0.544322, 3.152306, 0.061947 
-0.674478, 3.166406, 0.100097 
-0.371251, 3.084547, 0.160042 
0.271158, 0.000000, 0.000000 
-0.072462, 3.377611, 0.061947 
0.109576, 2.388954, 0.035964 
0.130261, 2.284868, 0.035964 
0.621965, 3.135583, 0.061947 
-0.714170, 3.206634, 0.100097 
-0.449399, 3.149465, 0.162171 
0.286651, 0.000000, 0.000000 
0.071348, 3.299630, 0.061947 
0.084017, 2.402488, 0.035964 
0.203650, 3.202487, 0.061947 
0.034254, 2.387109, 0.035964 
-0.400181, 3.631234, 0.061947 
0.104601, 2.404600, 0.035964 
0.104601, 2.404600, 0.035964 
0.104601, 2.404600, 0.035964 
-0.373272, 3.584318, 0.061947 
0.098632, 2.412182, 0.035964 
0.098632, 2.412182, 0.035964 
0.098632, 2.412182, 0.035964 
0.577462, 3.202682, 0.061947 
-0.663792, 3.126908, 0.100097 
-0.545527, 3.233215, 0.135164 
0.351565, 0.000000, 0.000000 
0.283944, 3.132883, 0.061947 
0.036243, 2.570082, 0.035964 
-0.429467, 3.632847, 0.061947 
0.110062, 2.453889, 0.035964 
0.140522, 2.271149, 0.035964 
0.937149, 2.927859, 0.061947 
-0.896726, 3.348062, 0.100097 
-0.897906, 3.338079, 0.100097 
0.542011, 3.206721, 0.061947 
-0.660805, 3.153582, 0.100097 
-0.477543, 3.192091, 0.138989 
0.336940, 0.000000, 0.000000 
0.009894, 3.291174, 0.061947 
0.087880, 2.357468, 0.035964 
0.111557, 2.307540, 0.035964 
0.613548, 3.120898, 0.061947 
-0.685380, 3.158791, 0.100097 
-0.501193, 3.240344, 0.147037 
0.321133, 0.000000, 0.000000 
0.087635, 3.279349, 0.061947 
0.077841, 2.401487, 0.035964 
0.168978, 3.213994, 0.061947 
0.025791, 2.419228, 0.035964 
-0.330680, 3.504780, 0.061947 
0.089086, 2.464006, 0.035964 
0.089086, 2.464006, 0.035964 
0.089086, 2.464006, 0.035964 
-0.331868, 3.521197, 0.061947 
0.092879, 2.436873, 0.035964 
0.092879, 2.436873, 0.035964 
0.092879, 2.436873, 0.035964 
0.550380, 3.213416, 0.061947 
-0.595430, 3.062959, 0.100097 
-0.533349, 3.233655, 0.131551 
0.357282, 0.000000, 0.000000 
0.193979, 3.221400, 0.061947 
0.064682, 2.469386, 0.035964 
-0.127225, 3.418860, 0.061947 
0.090708, 2.352342, 0.035964 
0.083458, 2.390744, 0.035964 
-0.091120, 3.562019, 0.061947 
-0.086900, 3.570827, 0.061947 
0.157898, 2.213994, 0.035964 
-0.352140, 3.144486, 0.124032 
0.372321, 0.000000, 0.000000 
0.233683, 3.385964, 0.061947 
-0.021593, 3.482431, 0.061947 
-0.172305, 3.633291, 0.061947 
0.122703, 2.325866, 0.035964 
-0.186792, 3.674040, 0.061947 
0.121101, 2.285628, 0.035964 
-0.270552, 3.638876, 0.061947 
0.149779, 2.279922, 0.035964 
-0.085783, 3.567707, 0.061947 
0.118970, 2.364012, 0.035964 
0.535979, 3.215344, 0.061947 
-0.691870, 3.186456, 0.100097 
-0.429883, 3.181453, 0.157797 
0.298246, 0.000000, 0.000000 
-0.001120, 3.329158, 0.061947 
0.115554, 2.317181, 0.035964 
0.386751, 3.150665, 0.061947 
0.018258, 2.377153, 0.035964 
-0.724826, 3.153744, 0.128157 
0.439303, 0.000000, 0.000000 
-0.378676, 3.561793, 0.061947 
0.113701, 2.370865, 0.035964 
0.113701, 2.370865, 0.035964 
0.113701, 2.370865, 0.035964 
0.596892, 3.131611, 0.061947 
-0.625228, 3.094886, 0.100097 
-0.538661, 3.205818, 0.139858 
0.345021, 0.000000, 0.000000 
0.207337, 3.206145, 0.061947 
0.060631, 2.380597, 0.035964 
-0.176029, 3.484515, 0.061947 
0.089968, 2.390801, 0.035964 
0.087022, 2.378803, 0.035964 
0.016272, 3.527179, 0.061947 
-0.120325, 3.626071, 0.061947 
0.136305, 2.282256, 0.035964 
-0.328577, 3.744150, 0.061947 
0.174486, 2.062263, 0.035964 
0.430380, 3.284074, 0.061947 
-0.651913, 3.116538, 0.133323 
0.441989, 0.000000, 0.000000 
-0.133863, 3.611955, 0.061947 
0.133430, 2.241962, 0.035964 
-0.335994, 3.738933, 0.061947 
0.172788, 2.100308, 0.035964 
0.570550, 3.173469, 0.061947 
-0.677279, 3.159084, 0.100097 
-0.518366, 3.238872, 0.143390 
0.335813, 0.000000, 0.000000 
0.231665, 3.191734, 0.061947 
0.068839, 2.402842, 0.035964 
-0.400901, 3.567854, 0.061947 
0.120667, 2.437571, 0.035964 
0.132107, 2.312786, 0.035964 
0.897775, 2.959095, 0.061947 
-0.779098, 3.196204, 0.100097 
-0.841983, 3.301893, 0.100097 
0.538411, 3.249295, 0.061947 
-0.581783, 3.049130, 0.100097 
-0.570760, 3.244620, 0.123579 
0.379166, 0.000000, 0.000000 
0.292082, 3.128042, 0.061947 
0.051981, 2.528635, 0.035964 
-0.464975, 3.672100, 0.061947 
0.146827, 2.289421, 0.035964 
0.159141, 2.227241, 0.035964 
0.914249, 3.013348, 0.061947 
-0.816272, 3.239334, 0.100097 
-0.834362, 3.293525, 0.100097 
0.521041, 3.182570, 0.061947 
-0.635788, 3.114876, 0.100097 
-0.516030, 3.223966, 0.146594 
0.310170, 0.000000, 0.000000 
0.262360, 3.154915, 0.061947 
0.070386, 2.400534, 0.035964 
-0.381018, 3.520481, 0.061947 
0.114455, 2.411468, 0.035964 
0.114455, 2.411468, 0.035964 
0.114455, 2.411468, 0.035964 
0.552773, 3.169876, 0.061947 
-0.691658, 3.188671, 0.100097 
-0.432952, 3.153344, 0.159476 
0.291142, 0.000000, 0.000000 
-0.025824, 3.402951, 0.061947 
0.118116, 2.326897, 0.035964 
0.414261, 3.134945, 0.061947 
0.037362, 2.388694, 0.035964 
-0.728599, 3.162029, 0.132814 
0.414899, 0.000000, 0.000000 
-0.429712, 3.581905, 0.061947 
0.116345, 2.408442, 0.035964 
0.116345, 2.408442, 0.035964 
0.116345, 2.408442, 0.035964 
0.564269, 3.233728, 0.061947 
-0.664850, 3.145286, 0.100097 
-0.440508, 3.132247, 0.157922 
0.277428, 0.000000, 0.000000 
0.189828, 3.209864, 0.061947 
0.065875, 2.450790, 0.035964 
-0.178641, 3.460739, 0.061947 
0.074542, 2.499860, 0.035964 
0.082328, 2.384503, 0.035964 
-0.048728, 3.340410, 0.061947 
0.051544, 2.462824, 0.035964 
0.044169, 2.454650, 0.035964 
-0.121237, 3.369781, 0.061947 
0.075096, 2.303037, 0.035964 
0.065282, 2.373169, 0.035964 
0.073001, 3.248100, 0.061947 
0.055785, 2.422298, 0.035964 
0.074327, 2.421592, 0.035964 
-0.394050, 2.932688, 0.242869 
0.357534, 0.000000, 0.000000 
0.357534, 0.000000, 0.000000 
0.357534, 0.000000, 0.000000 
0.506318, 3.256255, 0.061947 
-0.611298, 3.092352, 0.100097 
-0.438690, 3.175129, 0.157963 
0.295312, 0.000000, 0.000000 
0.045744, 3.302953, 0.061947 
0.081394, 2.481908, 0.035964 
0.352492, 3.227860, 0.061947 
0.030274, 2.386366, 0.035964 
-0.699862, 3.129516, 0.132863 
0.422672, 0.000000, 0.000000 
-0.401743, 3.595674, 0.061947 
0.121407, 2.338680, 0.035964 
0.121407, 2.338680, 0.035964 
0.121407, 2.338680, 0.035964 
0.572009, 3.212338, 0.061947 
-0.640151, 3.123382, 0.100097 
-0.513249, 3.276682, 0.147093 
0.316437, 0.000000, 0.000000 
0.200600, 3.217986, 0.061947 
0.070822, 2.433600, 0.035964 
-0.227416, 3.526051, 0.061947 
0.111006, 2.330219, 0.035964 
0.109486, 2.363995, 0.035964 
0.114194, 3.450581, 0.061947 
-0.210402, 3.634720, 0.061947 
0.137365, 2.351401, 0.035964 
-0.074523, 3.549443, 0.061947 
0.096976, 2.450681, 0.035964 
-0.150455, 3.633352, 0.061947 
0.127108, 2.319203, 0.035964 
-0.222806, 3.653070, 0.061947 
0.142933, 2.281350, 0.035964 
-0.078198, 3.533756, 0.061947 
0.127939, 2.219159, 0.035964 
0.513581, 3.227864, 0.061947 
-0.572945, 3.022635, 0.100097 
-0.503182, 3.256488, 0.142990 
0.335185, 0.000000, 0.000000 
0.038960, 3.307917, 0.061947 
0.079718, 2.498258, 0.035964 
0.371911, 3.210214, 0.061947 
0.038560, 2.212752, 0.035964 
-0.712469, 3.152454, 0.133780 
0.412339, 0.000000, 0.000000 
-0.435047, 3.629185, 0.061947 
0.125573, 2.352479, 0.035964 
0.125573, 2.352479, 0.035964 
0.125573, 2.352479, 0.035964 
0.561457, 3.183645, 0.061947 
-0.598663, 3.073335, 0.100097 
-0.470917, 3.212797, 0.151757 
0.309539, 0.000000, 0.000000 
0.092557, 3.265125, 0.061947 
0.071369, 2.478709, 0.035964 
0.181220, 3.215753, 0.061947 
0.026790, 2.544116, 0.035964 
-0.328583, 3.536744, 0.061947 
0.085437, 2.467899, 0.035964 
0.085437, 2.467899, 0.035964 
0.085437, 2.467899, 0.035964 
-0.386833, 3.623265, 0.061947 
0.102744, 2.397773, 0.035964 
0.102744, 2.397773, 0.035964 
0.102744, 2.397773, 0.035964 
0.554992, 3.184087, 0.061947 
-0.613963, 3.072103, 0.100097 
-0.461125, 3.188510, 0.149982 
0.321877, 0.000000, 0.000000 
0.004882, 3.371051, 0.061947 
0.089956, 2.441815, 0.035964 
0.379749, 3.174271, 0.061947 
0.062540, 2.231403, 0.035964 
-0.737417, 3.161845, 0.123673 
0.454033, 0.000000, 0.000000 
-0.413162, 3.587959, 0.061947 
0.111680, 2.430591, 0.035964 
0.111680, 2.430591, 0.035964 
0.111680, 2.430591, 0.035964 
0.555499, 3.235677, 0.061947 
-0.608211, 3.099365, 0.100097 
0.122295, 3.257251, 0.061947 
0.801620, 2.983438, 0.061947 
-0.860057, 3.331945, 0.100097 
-0.853676, 3.350147, 0.100097 
-0.502380, 3.208225, 0.137238 
0.342695, 0.000000, 0.000000 
0.065766, 2.372242, 0.035964 
-0.069811, 3.369320, 0.061947 
0.062342, 2.468025, 0.035964 
0.071212, 2.384338, 0.035964 
-0.315339, 3.553496, 0.061947 
0.073629, 2.445956, 0.035964 
0.096852, 2.438440, 0.035964 
0.895832, 3.006789, 0.061947 
-0.859815, 3.346731, 0.100097 
-0.848982, 3.324589, 0.100097 
