 N       1        22.5750384       0.0580456      27.5434710
 H       2         1.8863692       0.0000000       8.6770932
 H       3         3.7288910       0.0000000       8.6787517
 H       4         1.9879301       0.0000000       8.6751959
 C       5        22.9760841       0.0925936      36.4813651
 H       6         3.7996665       0.0000000       8.6792245
 C       7        26.6483731       0.0951843      36.4793719
 H       8         4.5511561       0.0000000       8.6832424
 H       9         3.7485243       0.0000000       8.6763707
 C      10        23.7735410       0.0911690      36.4570697
 H      11         4.4809273       0.0000000       8.6757457
 H      12         4.2856950       0.0000000       8.6762875
 S      13        82.6973660       1.3643332      76.6575512
 C      14        26.2326246       0.0950607      36.4671932
 H      15         4.1176651       0.0000000       8.6779611
 H      16         4.2787514       0.0000000       8.6782429
 H      17         3.5723682       0.0000000       8.6763171
 C      18        20.6807300       0.0931111      36.4669019
 O      19        28.5325969       0.0365935      23.3434560
 N      20        29.5306877       0.0551262      27.5395938
 H      21         3.7592530       0.0000000       8.6792801
 C      22        22.9232974       0.0952440      36.4642855
 H      23         4.5411082       0.0000000       8.6739551
 C      24        26.7787216       0.0944545      36.4616893
 H      25         3.8337803       0.0000000       8.6789224
 H      26         4.4809681       0.0000000       8.6774833
 C      27        27.8307352       0.0962554      36.4722715
 H      28         3.7568685       0.0000000       8.6765630
 H      29         4.4161331       0.0000000       8.6760457
 C      30        17.5993217       0.0955615      36.4662671
 O      31        31.5314333       0.0386152      23.3427286
 N      32        35.9664942       0.0600509      27.5353558
 H      33         1.6148303       0.0000000       8.6744623
 H      34         1.6426164       0.0000000       8.6765090
 C      35        21.3714599       0.0913361      36.4656699
 O      36        29.8435702       0.0373012      23.3317911
 N      37        29.4102258       0.0573692      27.5290955
 H      38         4.1455607       0.0000000       8.6762658
 C      39        23.1629378       0.0934766      36.4735693
 H      40         4.2079827       0.0000000       8.6819369
 C      41        29.1750925       0.0946744      36.4743760
 H      42         4.2196360       0.0000000       8.6779563
 H      43         3.8378046       0.0000000       8.6774667
 C      44        27.8959852       0.0953496      36.4652574
 C      45        32.2151842       0.0940122      36.4684843
 H      46         3.8029737       0.0000000       8.6793776
 C      47        32.0294238       0.0949052      36.4808156
 H      48         3.4171501       0.0000000       8.6783562
 C      49        23.5064951       0.0951444      36.4538335
 O      50        26.9738569       0.0394345      23.3137438
 H      51         1.5828034       0.0000000       8.6800487
 C      52        30.8940269       0.0938760      36.4707849
 H      53         3.9076884       0.0000000       8.6784621
 C      54        34.3352022       0.0925261      36.4607986
 H      55         3.8538461       0.0000000       8.6769968
 C      56        20.9113924       0.0928608      36.4632858
 O      57        26.8031892       0.0364886      23.3573013
 N      58        29.9855418       0.0595654      27.5357838
 H      59         3.5879870       0.0000000       8.6768674
 C      60        21.9161338       0.0938662      36.4750183
 H      61         4.9660670       0.0000000       8.6770437
 C      62        28.2994306       0.0915668      36.4639587
 H      63         4.1798150       0.0000000       8.6756252
 H      64         4.0568820       0.0000000       8.6770916
 C      65        25.8760576       0.0946642      36.4648274
 H      66         4.7372873       0.0000000       8.6759809
 H      67         4.2727296       0.0000000       8.6782841
 C      68        26.6228991       0.0935261      36.4836873
 H      69         4.1306412       0.0000000       8.6774365
 H      70         4.4279010       0.0000000       8.6776071
 C      71        22.2454863       0.0940734      36.4860826
 H      72         4.2460497       0.0000000       8.6749839
 H      73         4.0174648       0.0000000       8.6747857
 N      74        23.3114772       0.0583528      27.5463159
 H      75         1.8773166       0.0000000       8.6762552
 H      76         2.5327833       0.0000000       8.6777537
 H      77         2.4439753       0.0000000       8.6793236
 C      78        22.8826725       0.0957938      36.4628384
 O      79        27.5262001       0.0371828      23.3156136
 N      80        31.7889505       0.0553198      27.5534344
 H      81         3.8627397       0.0000000       8.6766593
 C      82        21.6928607       0.0960007      36.4745712
 H      83         4.3870970       0.0000000       8.6768420
 C      84        30.2988130       0.0913530      36.4766181
 H      85         4.7043120       0.0000000       8.6798217
 H      86         5.3084409       0.0000000       8.6784306
 C      87        21.9950881       0.0931435      36.4806198
 H      88         4.6585779       0.0000000       8.6750805
 C      89        30.5384961       0.0947613      36.4645162
 H      90         4.1406983       0.0000000       8.6771797
 H      91         3.9034088       0.0000000       8.6779966
 H      92         4.6215986       0.0000000       8.6734884
 C      93        30.2440674       0.0935607      36.4550394
 H      94         4.5915976       0.0000000       8.6757035
 H      95         4.1184276       0.0000000       8.6785299
 H      96         3.6847632       0.0000000       8.6789129
 C      97        23.0836602       0.0926420      36.4664649
 O      98        28.0438105       0.0396509      23.3334380
 N      99        30.3615824       0.0575993      27.5659444
 H     100         4.3737444       0.0000000       8.6752149
 C     101        23.3099845       0.0942480      36.4730449
 H     102         4.8357609       0.0000000       8.6770206
 C     103        21.8552994       0.0956326      36.4689781
 H     104         4.6220422       0.0000000       8.6732135
 C     105        31.3745876       0.0904698      36.4709448
 H     106         4.3686804       0.0000000       8.6779130
 H     107         4.5499786       0.0000000       8.6774196
 H     108         4.2074471       0.0000000       8.6773464
 C     109        30.4177815       0.0904083      36.4660729
 H     110         4.3298960       0.0000000       8.6782490
 H     111         4.2499735       0.0000000       8.6770059
 H     112         4.1314089       0.0000000       8.6762463
 C     113        22.0535020       0.0910927      36.4735380
 O     114        26.4167713       0.0416622      23.3447304
 N     115        29.5600059       0.0602051      27.5371931
 H     116         3.7452862       0.0000000       8.6771327
 C     117        23.0350701       0.0930951      36.4552952
 H     118         5.2249738       0.0000000       8.6769321
 C     119        25.9727561       0.0954622      36.4571111
 H     120         4.6073753       0.0000000       8.6781617
 C     121        30.1337251       0.0944129      36.4662133
 H     122         4.5038278       0.0000000       8.6794542
 H     123         4.9277709       0.0000000       8.6778205
 H     124         4.1517536       0.0000000       8.6764274
 C     125        24.8372881       0.0950880      36.4683437
 H     126         4.1579199       0.0000000       8.6769766
 H     127         4.3805708       0.0000000       8.6761829
 C     128        28.3676789       0.0943484      36.4783273
 H     129         4.4519699       0.0000000       8.6770939
 H     130         4.6510538       0.0000000       8.6762461
 H     131         4.4678213       0.0000000       8.6775291
 C     132        21.8936746       0.0914249      36.4755041
 O     133        28.4757578       0.0374183      23.3198859
 N     134        29.7005939       0.0569849      27.5646639
 H     135         3.6056170       0.0000000       8.6783128
 C     136        22.0449010       0.0947378      36.4719159
 H     137         4.5699704       0.0000000       8.6774235
 C     138        30.4063726       0.0911975      36.4678256
 H     139         3.9620045       0.0000000       8.6794800
 H     140         4.0721403       0.0000000       8.6790514
 C     141        18.3237512       0.0931980      36.4698321
 O     142        30.8365367       0.0380813      23.3523787
 N     143        34.8355442       0.0587124      27.5479250
 H     144         1.8037501       0.0000000       8.6762325
 H     145         1.7737051       0.0000000       8.6770974
 C     146        21.8634213       0.0929055      36.4636585
 O     147        29.2016259       0.0395138      23.3446821
 N     148        29.2474240       0.0563942      27.5491774
 H     149         3.4613489       0.0000000       8.6778129
 C     150        24.9798712       0.0934814      36.4685518
 H     151         3.7201075       0.0000000       8.6765577
 H     152         4.2126470       0.0000000       8.6746474
 C     153        20.9698019       0.0947133      36.4653340
 O     154        30.8834952       0.0374771      23.3525367
 N     155        30.3802879       0.0563300      27.5373251
 H     156         2.9098199       0.0000000       8.6749126
 C     157        23.8611176       0.0938542      36.4831382
 H     158         4.3033646       0.0000000       8.6801038
 C     159        26.7954665       0.0948888      36.4805741
 H     160         4.1182941       0.0000000       8.6781171
 H     161         4.3721368       0.0000000       8.6751215
 C     162        23.5338524       0.0947448      36.4524281
 H     163         4.5706776       0.0000000       8.6777109
 H     164         4.7685833       0.0000000       8.6758486
 C     165        26.3765608       0.0949630      36.4730645
 H     166         4.0237529       0.0000000       8.6741330
 H     167         4.0978446       0.0000000       8.6797033
 C     168        22.7279810       0.0936832      36.4656082
 H     169         4.0768609       0.0000000       8.6777889
 H     170         4.0485752       0.0000000       8.6765827
 N     171        23.8941074       0.0592212      27.5503301
 H     172         1.7491055       0.0000000       8.6775280
 H     173         1.8771486       0.0000000       8.6771503
 H     174         1.8328242       0.0000000       8.6793563
 C     175        23.2081439       0.0951224      36.4694239
 O     176        29.5044440       0.0400988      23.3393961
 N     177        28.6543503       0.0574157      27.5483095
 H     178         2.6546811       0.0000000       8.6770751
 C     179        26.4322044       0.0935314      36.4667219
 H     180         3.5722330       0.0000000       8.6790287
 C     181        20.8835152       0.0921656      36.4770904
 H     182         4.1994248       0.0000000       8.6794787
 O     183        30.9323303       0.0385223      23.3444371
 H     184         2.0773679       0.0000000       8.6759956
 C     185        31.2338634       0.0933439      36.4728975
 H     186         4.1162021       0.0000000       8.6746715
 H     187         3.9369467       0.0000000       8.6781803
 H     188         4.4642645       0.0000000       8.6757418
 C     189        20.2368138       0.0955400      36.4671497
 O     190        29.6853166       0.0385770      23.3658423
 N     191        29.0394387       0.0581074      27.5212369
 H     192         3.5333195       0.0000000       8.6744739
 C     193        23.2352010       0.0922969      36.4734328
 H     194         4.0125959       0.0000000       8.6782223
 C     195        31.4718726       0.0926164      36.4616005
 H     196         4.3745751       0.0000000       8.6756492
 H     197         4.0033454       0.0000000       8.6769752
 C     198        21.4247264       0.0950916      36.4681644
 H     199         4.0725259       0.0000000       8.6772635
 C     200        31.2257372       0.0930799      36.4772015
 H     201         4.3557872       0.0000000       8.6741116
 H     202         4.3506458       0.0000000       8.6805908
 H     203         4.2496067       0.0000000       8.6741225
 C     204        30.4824000       0.0949205      36.4695836
 H     205         4.1095099       0.0000000       8.6763545
 H     206         4.4833363       0.0000000       8.6750953
 H     207         4.2954906       0.0000000       8.6712724
 C     208        23.4088243       0.0938635      36.4802817
 O     209        27.4181013       0.0363761      23.3445842
 N     210        29.7420646       0.0577293      27.5440060
 H     211         2.5524030       0.0000000       8.6789050
 C     212        22.1388119       0.0911158      36.4585160
 H     213         3.9328275       0.0000000       8.6798273
 C     214        28.6344997       0.0956851      36.4714528
 H     215         4.3648340       0.0000000       8.6786200
 H     216         4.4391592       0.0000000       8.6802285
 C     217        23.2798101       0.0964577      36.4731532
 H     218         4.0473430       0.0000000       8.6793016
 H     219         5.1688581       0.0000000       8.6790509
 C     220        27.2432425       0.0947439      36.4755734
 H     221         4.9671990       0.0000000       8.6779736
 H     222         4.3015732       0.0000000       8.6763478
 C     223        22.6287236       0.0924705      36.4793064
 H     224         3.7803148       0.0000000       8.6784737
 H     225         3.8816173       0.0000000       8.6768040
 N     226        22.9522256       0.0566830      27.5300557
 H     227         1.9848110       0.0000000       8.6769459
 H     228         1.9423275       0.0000000       8.6774367
 H     229         2.0592813       0.0000000       8.6756311
 C     230        21.8420290       0.0959604      36.4609194
 O     231        30.4517016       0.0372315      23.3383585
 N     232        26.7949009       0.0584781      27.5520361
 H     233         4.5718150       0.0000000       8.6783717
 C     234        24.4870127       0.0943051      36.4822800
 H     235         3.9408796       0.0000000       8.6778221
 H     236         3.9488695       0.0000000       8.6771470
 C     237        19.5205733       0.0935103      36.4636424
 O     238        27.9402593       0.0398967      23.3354267
 N     239        31.1321735       0.0529494      27.5660386
 H     240         2.1996877       0.0000000       8.6796947
 C     241        22.9738391       0.0943631      36.4782054
 H     242         4.3613032       0.0000000       8.6810187
 C     243        26.2404886       0.0978415      36.4640983
 H     244         4.3377858       0.0000000       8.6750500
 H     245         4.4071747       0.0000000       8.6801187
 C     246        29.5508231       0.0951559      36.4558954
 H     247         3.9578396       0.0000000       8.6738447
 H     248         4.4763437       0.0000000       8.6770700
 C     249        17.3055101       0.0915687      36.4733363
 O     250        33.2884702       0.0373964      23.3296847
 O     251        35.2374047       0.0382788      23.3183744
 C     252        21.3570815       0.0947742      36.4665079
 O     253        30.5384934       0.0379600      23.3366509
 N     254        30.4515171       0.0570262      27.5412641
 H     255         4.1021249       0.0000000       8.6778571
 C     256        23.0578573       0.0945371      36.4592099
 H     257         3.8400504       0.0000000       8.6766834
 C     258        21.9978645       0.0939649      36.4714151
 H     259         4.0254411       0.0000000       8.6729789
 O     260        30.2003845       0.0401601      23.3450295
 H     261         1.3505649       0.0000000       8.6785538
 C     262        32.4929114       0.0958617      36.4659531
 H     263         3.8609442       0.0000000       8.6764951
 H     264         4.2646688       0.0000000       8.6791045
 H     265         3.7773229       0.0000000       8.6735898
 C     266        21.6714233       0.0956267      36.4613579
 O     267        25.6205659       0.0382128      23.3374621
 N     268        29.9860933       0.0561892      27.5541749
 H     269         3.5662214       0.0000000       8.6772251
 C     270        25.3992462       0.0939544      36.4688306
 H     271         4.5155317       0.0000000       8.6778620
 C     272        21.4783728       0.0961841      36.4392006
 H     273         4.0697547       0.0000000       8.6769899
 O     274        30.2852650       0.0374890      23.3358131
 H     275         1.6045393       0.0000000       8.6791450
 C     276        30.0654632       0.0935036      36.4687125
 H     277         4.3725565       0.0000000       8.6751925
 H     278         4.0712297       0.0000000       8.6771580
 H     279         4.2916538       0.0000000       8.6773773
 C     280        19.8881082       0.0939351      36.4692666
 O     281        29.0788885       0.0387663      23.3242184
 N     282        31.3638004       0.0558851      27.5595797
 H     283         3.6879255       0.0000000       8.6766471
 C     284        22.3506647       0.0948444      36.4654171
 H     285         4.3485358       0.0000000       8.6766159
 C     286        21.6125444       0.0938172      36.4865142
 H     287         4.0850668       0.0000000       8.6754243
 O     288        30.6168584       0.0398045      23.3334259
 H     289         1.2213165       0.0000000       8.6762384
 C     290        33.1457047       0.0938603      36.4773257
 H     291         4.0724083       0.0000000       8.6779674
 H     292         4.9694238       0.0000000       8.6810787
 H     293         3.9882853       0.0000000       8.6761300
 C     294        20.6419849       0.0917120      36.4604698
 O     295        28.2331998       0.0385205      23.3275801
 N     296        29.1595856       0.0550918      27.5397696
 H     297         2.7183395       0.0000000       8.6747775
 C     298        22.5796492       0.0938046      36.4684920
 H     299         4.5706415       0.0000000       8.6785864
 C     300        27.0461333       0.0922819      36.4830636
 H     301         4.2831453       0.0000000       8.6774542
 H     302         4.3059411       0.0000000       8.6778906
 C     303        24.9540506       0.0928184      36.4548233
 H     304         4.5280559       0.0000000       8.6770839
 H     305         4.3047461       0.0000000       8.6811476
 C     306        26.0179077       0.0948842      36.4489187
 H     307         4.0410836       0.0000000       8.6767897
 H     308         4.5100730       0.0000000       8.6743257
 C     309        22.3609977       0.0955269      36.4675376
 H     310         4.1957399       0.0000000       8.6771839
 H     311         4.1761530       0.0000000       8.6753465
 N     312        23.7473164       0.0566615      27.5465111
 H     313         1.8678584       0.0000000       8.6760602
 H     314         2.1010831       0.0000000       8.6755094
 H     315         1.7589320       0.0000000       8.6756217
 C     316        21.8527264       0.0947839      36.4667911
 O     317        29.9766965       0.0368133      23.3330511
 N     318        29.1663469       0.0552897      27.5555842
 H     319         3.6272591       0.0000000       8.6761956
 C     320        21.7854473       0.0950513      36.4630796
 H     321         3.9478922       0.0000000       8.6764798
 C     322        30.7554143       0.0947135      36.4623118
 H     323         3.7195976       0.0000000       8.6779399
 H     324         4.1214908       0.0000000       8.6791040
 H     325         4.1468381       0.0000000       8.6749670
 C     326        21.1055486       0.0931023      36.4757962
 O     327        27.0752927       0.0389744      23.3484287
 N     328        28.8894974       0.0572282      27.5562776
 H     329         2.2669853       0.0000000       8.6759451
 C     330        25.3639982       0.0949484      36.4631150
 H     331         4.0381338       0.0000000       8.6790344
 C     332        22.3584927       0.0925214      36.4697831
 H     333         4.0242188       0.0000000       8.6741219
 C     334        30.2534247       0.0918084      36.4769469
 H     335         4.0862271       0.0000000       8.6786499
 H     336         4.4151489       0.0000000       8.6784044
 H     337         4.2429969       0.0000000       8.6771812
 C     338        30.2516795       0.0951904      36.4654002
 H     339         3.9453397       0.0000000       8.6753380
 H     340         4.2457018       0.0000000       8.6775073
 H     341         4.4682660       0.0000000       8.6764799
 C     342        22.4020837       0.0944412      36.4645772
 O     343        30.4075930       0.0394091      23.3346572
 N     344        28.3780115       0.0580638      27.5267454
 H     345         4.1460529       0.0000000       8.6799402
 C     346        21.9902136       0.0905203      36.4611832
 H     347         3.8981845       0.0000000       8.6781188
 C     348        32.0312229       0.0948263      36.4659963
 H     349         4.3517591       0.0000000       8.6784185
 H     350         3.6206343       0.0000000       8.6775622
 C     351        17.8785940       0.0928349      36.4745158
 O     352        29.0750715       0.0364606      23.3409206
 O     353        34.0365783       0.0390373      23.3330294
 C     354        23.4311379       0.0927064      36.4686061
 O     355        28.3823303       0.0404196      23.3364872
 N     356        31.3575815       0.0560269      27.5573784
 H     357         1.9777922       0.0000000       8.6766180
 C     358        21.6583094       0.0935553      36.4751970
 H     359         4.5720878       0.0000000       8.6736151
 C     360        30.4899251       0.0950806      36.4585474
 H     361         3.9422251       0.0000000       8.6754518
 H     362         3.8536231       0.0000000       8.6736634
 H     363         3.6586238       0.0000000       8.6757362
 C     364        22.7098633       0.0937213      36.4670851
 O     365        27.7902037       0.0382285      23.3393844
 N     366        29.5369483       0.0595182      27.5434524
 H     367         2.8825644       0.0000000       8.6778059
 C     368        23.7728225       0.0931408      36.4607325
 H     369         3.7939921       0.0000000       8.6771025
 C     370        26.0401374       0.0952515      36.4606224
 H     371         4.1569439       0.0000000       8.6772123
 H     372         4.2049013       0.0000000       8.6780164
 C     373        27.4958468       0.0914305      36.4709465
 H     374         4.8545759       0.0000000       8.6770213
 H     375         4.2042690       0.0000000       8.6772634
 C     376        16.7449676       0.0935635      36.4565682
 O     377        33.9303882       0.0378390      23.3475254
 O     378        35.4556066       0.0390364      23.3477663
 C     379        23.0411090       0.0908650      36.4782368
 O     380        28.9916778       0.0384657      23.3513439
 N     381        29.6301335       0.0565876      27.5426533
 H     382         4.3569810       0.0000000       8.6790232
 C     383        25.9627809       0.0943528      36.4563049
 H     384         4.1345595       0.0000000       8.6781247
 C     385        21.8263616       0.0914046      36.4733456
 H     386         3.8866652       0.0000000       8.6754141
 O     387        31.7264641       0.0389708      23.3296201
 H     388         2.4432800       0.0000000       8.6744787
 C     389        31.0197738       0.0935105      36.4708585
 H     390         3.9306311       0.0000000       8.6771623
 H     391         4.1559178       0.0000000       8.6777630
 H     392         4.4338086       0.0000000       8.6757632
 C     393        23.5350396       0.0959508      36.4561143
 O     394        29.9494204       0.0369256      23.3477871
 N     395        29.6022446       0.0564919      27.5427454
 H     396         3.8095446       0.0000000       8.6778587
 C     397        21.6963741       0.0949631      36.4572322
 H     398         3.9984427       0.0000000       8.6793294
 C     399        30.4197062       0.0959576      36.4680999
 H     400         4.8724771       0.0000000       8.6766088
 H     401         3.9785995       0.0000000       8.6762290
 H     402         4.2507321       0.0000000       8.6785026
 C     403        22.9174325       0.0922392      36.4674831
 O     404        30.3347502       0.0392290      23.3100082
 N     405        28.7104950       0.0618457      27.5348397
 H     406         3.8367657       0.0000000       8.6745149
 C     407        23.7682717       0.0945931      36.4660258
 H     408         4.4895962       0.0000000       8.6775482
 C     409        26.7491464       0.0929931      36.4643503
 H     410         4.2457382       0.0000000       8.6752446
 H     411         4.3418245       0.0000000       8.6772569
 C     412        29.1617899       0.0947621      36.4721347
 H     413         4.1001986       0.0000000       8.6794526
 H     414         4.7930885       0.0000000       8.6771563
 C     415        15.8015281       0.0958655      36.4801418
 O     416        35.7689098       0.0380096      23.3181514
 O     417        35.1418565       0.0383534      23.3273371
 C     418        22.5983825       0.0969415      36.4817914
 O     419        28.7247945       0.0388513      23.3408213
 N     420        28.9630406       0.0591766      27.5409728
 H     421         3.6139793       0.0000000       8.6780269
 C     422        23.4575945       0.0954449      36.4705562
 H     423         3.9951739       0.0000000       8.6796344
 C     424        28.3393028       0.0922691      36.4599831
 H     425         3.9010298       0.0000000       8.6785292
 H     426         5.0028343       0.0000000       8.6774229
 C     427        24.4477409       0.0947829      36.4672241
 H     428         4.7912720       0.0000000       8.6781042
 H     429         4.6252474       0.0000000       8.6777945
 C     430        26.7111655       0.0919459      36.4502823
 H     431         4.4668754       0.0000000       8.6773620
 H     432         4.3249587       0.0000000       8.6783397
 C     433        23.1270424       0.0931032      36.4699900
 H     434         4.1821874       0.0000000       8.6782159
 H     435         4.0920473       0.0000000       8.6767610
 N     436        22.8330910       0.0573624      27.5486048
 H     437         2.4999201       0.0000000       8.6776071
 H     438         2.3111517       0.0000000       8.6749551
 H     439         1.9927046       0.0000000       8.6766498
 C     440        23.0447696       0.0947323      36.4455839
 O     441        30.3873900       0.0367994      23.3433246
 N     442        28.3971056       0.0581562      27.5235718
 H     443         3.5755784       0.0000000       8.6763975
 C     444        21.8145213       0.0945963      36.4704177
 H     445         3.6765599       0.0000000       8.6735232
 C     446        30.3768406       0.0960558      36.4640988
 H     447         3.7492499       0.0000000       8.6813312
 H     448         3.9131717       0.0000000       8.6737436
 H     449         4.5743262       0.0000000       8.6780935
 C     450        21.9145746       0.0905841      36.4635271
 O     451        30.6093516       0.0383479      23.3408458
 N     452        29.0722019       0.0581780      27.5458843
 H     453         3.5389744       0.0000000       8.6777596
 C     454        22.5190334       0.0927204      36.4782366
 H     455         4.1860860       0.0000000       8.6803698
 C     456        29.0904271       0.0943541      36.4576208
 H     457         3.6535370       0.0000000       8.6771382
 H     458         4.2078330       0.0000000       8.6753447
 C     459        27.7256907       0.0953520      36.4719386
 C     460        33.3236715       0.0926172      36.4660607
 H     461         3.4161458       0.0000000       8.6767341
 C     462        29.6893119       0.0948991      36.4796338
 H     463         3.6762951       0.0000000       8.6748118
 C     464        31.0405248       0.0956946      36.4583009
 H     465         3.6750713       0.0000000       8.6764678
 C     466        32.1803254       0.0927333      36.4707046
 H     467         3.4451529       0.0000000       8.6782931
 C     468        30.8301329       0.0954908      36.4609949
 H     469         4.4548292       0.0000000       8.6815284
 C     470        24.0105378       0.0947700      36.4810341
 O     471        30.2711226       0.0375528      23.3522631
 N     472        29.1712792       0.0552851      27.5356082
 H     473         3.8015915       0.0000000       8.6759484
 C     474        23.3400913       0.0914680      36.4708064
 H     475         4.9831744       0.0000000       8.6774981
 C     476        27.1842838       0.0943305      36.4623928
 H     477         4.1636438       0.0000000       8.6776892
 H     478         4.5904571       0.0000000       8.6780575
 C     479        23.8605358       0.0944403      36.4740627
 H     480         3.8284559       0.0000000       8.6789995
 H     481         5.2859756       0.0000000       8.6776006
 C     482        27.4286166       0.0917242      36.4687086
 H     483         4.3409476       0.0000000       8.6787526
 H     484         4.3688568       0.0000000       8.6750018
 C     485        22.9933710       0.0935223      36.4693955
 H     486         4.0256504       0.0000000       8.6810519
 H     487         4.2911289       0.0000000       8.6778901
 N     488        22.8139020       0.0579577      27.5314926
 H     489         2.2824956       0.0000000       8.6749640
 H     490         2.1837062       0.0000000       8.6780177
 H     491         2.0193935       0.0000000       8.6737597
 C     492        22.9496438       0.0971673      36.4648587
 O     493        27.0510014       0.0391855      23.3421481
 N     494        28.0732128       0.0576776      27.5388042
 H     495         3.9088522       0.0000000       8.6772227
 C     496        23.6229871       0.0952840      36.4709126
 H     497         3.7060482       0.0000000       8.6765098
 C     498        26.0849106       0.0947973      36.4614862
 H     499         4.3465258       0.0000000       8.6769296
 H     500         4.3592219       0.0000000       8.6789016
 C     501        30.2461795       0.0949096      36.4781660
 H     502         4.0111869       0.0000000       8.6770054
 H     503         3.6569603       0.0000000       8.6750186
 C     504        18.8793344       0.0941758      36.4634558
 O     505        32.5822303       0.0410379      23.3272250
 N     506        35.3216061       0.0576076      27.5475676
 H     507         1.9036440       0.0000000       8.6780829
 H     508         1.8699081       0.0000000       8.6751504
 C     509        22.9687201       0.0910629      36.4600899
 O     510        29.2049833       0.0407078      23.3460445
 N     511        29.3438711       0.0556639      27.5356058
 H     512         3.4159602       0.0000000       8.6743034
 C     513        23.5391931       0.0952470      36.4736693
 H     514         3.7481758       0.0000000       8.6758748
 C     515        27.8041990       0.0954793      36.4664994
 H     516         4.4197566       0.0000000       8.6791987
 H     517         3.6340515       0.0000000       8.6788728
 C     518        29.6786461       0.0935924      36.4625551
 C     519        31.1248217       0.0958109      36.4806224
 H     520         3.4251893       0.0000000       8.6773855
 C     521        34.5881593       0.0912693      36.4704597
 H     522         3.1390713       0.0000000       8.6757935
 C     523        24.3602155       0.0951842      36.4608800
 O     524        28.0158381       0.0386768      23.3420309
 H     525         1.5081312       0.0000000       8.6743700
 C     526        30.5718578       0.0940120      36.4691419
 H     527         4.3815410       0.0000000       8.6765923
 C     528        34.8789260       0.0944618      36.4475805
 H     529         3.6226297       0.0000000       8.6794355
 C     530        23.7470390       0.0927992      36.4617287
 O     531        29.1941808       0.0391185      23.3454041
 N     532        28.6870544       0.0529978      27.5446648
 H     533         3.4863010       0.0000000       8.6771918
 C     534        21.9963192       0.0926722      36.4723843
 H     535         3.9107313       0.0000000       8.6784317
 C     536        29.4706658       0.0911977      36.4697980
 H     537         4.3031194       0.0000000       8.6773306
 H     538         4.7513862       0.0000000       8.6776152
 H     539         3.9716620       0.0000000       8.6797450
 C     540        23.3573241       0.0952507      36.4740556
 O     541        29.3119697       0.0382323      23.3431071
 N     542        30.2236795       0.0569743      27.5512704
 H     543         3.6298503       0.0000000       8.6774317
 C     544        23.1247193       0.0953045      36.4721983
 H     545         4.0548885       0.0000000       8.6756112
 C     546        29.7650698       0.0953281      36.4768151
 H     547         3.6102602       0.0000000       8.6782048
 H     548         3.8866765       0.0000000       8.6782563
 C     549        18.0466434       0.0916710      36.4587260
 O     550        31.6044332       0.0402547      23.3087269
 N     551        34.7339735       0.0552848      27.5594655
 H     552         3.0453232       0.0000000       8.6780187
 H     553         1.7699703       0.0000000       8.6775404
 C     554        22.6765897       0.0947457      36.4667009
 O     555        29.8572181       0.0387253      23.3262459
 N     556        29.2377827       0.0557189      27.5344259
 H     557         3.4406284       0.0000000       8.6789088
 C     558        21.6485656       0.0935154      36.4589478
 H     559         4.4842841       0.0000000       8.6765773
 C     560        32.5196367       0.0955685      36.4693955
 H     561         3.7568542       0.0000000       8.6762309
 H     562         4.5296561       0.0000000       8.6777269
 C     563        16.2337793       0.0956683      36.4621573
 O     564        32.9991736       0.0392385      23.3167847
 O     565        35.6295583       0.0351509      23.3489123
 C     566        23.4211366       0.0934222      36.4852337
 O     567        30.2613525       0.0355352      23.3336161
 N     568        28.8457971       0.0587521      27.5633216
 H     569         4.0824086       0.0000000       8.6767887
 C     570        22.4667207       0.0918044      36.4739916
 H     571         4.1546628       0.0000000       8.6800023
 C     572        30.3507917       0.0961456      36.4674644
 H     573         4.3509177       0.0000000       8.6804810
 H     574         4.0499857       0.0000000       8.6739412
 C     575        17.9113491       0.0909380      36.4633908
 O     576        31.9110956       0.0386607      23.3432884
 N     577        34.0112378       0.0577998      27.5171390
 H     578         2.4711012       0.0000000       8.6783156
 H     579         2.1955335       0.0000000       8.6792630
 C     580        21.0737802       0.0941528      36.4659934
 O     581        30.2412600       0.0388295      23.3291701
 N     582        26.3486175       0.0580448      27.5298201
 H     583         3.9054099       0.0000000       8.6773713
 C     584        25.9456649       0.0932241      36.4698485
 H     585         4.1527012       0.0000000       8.6773853
 H     586         3.6332087       0.0000000       8.6771840
 C     587        20.7363245       0.0965157      36.4735097
 O     588        31.4098036       0.0390932      23.3627936
 N     589        28.0523851       0.0568869      27.5347143
 H     590         4.2902788       0.0000000       8.6769119
 C     591        24.1810359       0.0956288      36.4674907
 H     592         4.2236790       0.0000000       8.6788602
 C     593        22.1001459       0.0948676      36.4683774
 H     594         4.1430858       0.0000000       8.6763275
 C     595        32.2643304       0.0917780      36.4635878
 H     596         4.4780622       0.0000000       8.6801333
 H     597         3.9723222       0.0000000       8.6781506
 H     598         4.2642872       0.0000000       8.6772096
 C     599        31.0260269       0.0920816      36.4879465
 H     600         4.3181513       0.0000000       8.6782538
 H     601         4.1534274       0.0000000       8.6797351
 H     602         4.3552696       0.0000000       8.6739069
 C     603        22.1045484       0.0945262      36.4681317
 O     604        29.1224427       0.0385801      23.3235152
 N     605        30.3530065       0.0588576      27.5298273
 H     606         2.7385613       0.0000000       8.6765723
 C     607        20.6867462       0.0923125      36.4590473
 H     608         5.1706840       0.0000000       8.6797598
 C     609        32.3041630       0.0950733      36.4564893
 H     610         4.5006117       0.0000000       8.6769616
 H     611         3.5681571       0.0000000       8.6766361
 C     612        16.8650541       0.0956564      36.4602036
 O     613        35.7574788       0.0387939      23.3455622
 O     614        35.4352403       0.0417801      23.3471480
 C     615        22.1901438       0.0930305      36.4753249
 O     616        29.8744615       0.0392192      23.3134216
 N     617        29.2086825       0.0574306      27.5432242
 H     618         2.9052705       0.0000000       8.6758185
 C     619        23.9960941       0.0944241      36.4691656
 H     620         3.9906584       0.0000000       8.6737157
 H     621         3.7424385       0.0000000       8.6780197
 C     622        20.4471601       0.0943491      36.4663090
 O     623        30.0211982       0.0409621      23.3332533
 N     624        30.5549090       0.0585874      27.5267889
 H     625         3.6205807       0.0000000       8.6731156
 C     626        23.7379126       0.0938624      36.4516959
 H     627         4.2184019       0.0000000       8.6766054
 C     628        22.3397324       0.0954025      36.4679709
 H     629         4.3125822       0.0000000       8.6764938
 C     630        28.9987619       0.0933791      36.4779965
 H     631         4.6534550       0.0000000       8.6801979
 H     632         4.5166514       0.0000000       8.6764835
 H     633         4.5004550       0.0000000       8.6759191
 C     634        29.4114967       0.0913833      36.4743626
 H     635         4.2675515       0.0000000       8.6775602
 H     636         4.6406827       0.0000000       8.6778519
 H     637         4.3207609       0.0000000       8.6787228
 C     638        22.3292599       0.0937723      36.4693271
 O     639        27.3708621       0.0373572      23.3430469
 N     640        30.3662207       0.0580741      27.5256845
 H     641         2.4710932       0.0000000       8.6764290
 C     642        22.4962899       0.0942847      36.4704691
 H     643         4.5864234       0.0000000       8.6779081
 C     644        26.9093464       0.0952243      36.4783259
 H     645         3.9646834       0.0000000       8.6754339
 H     646         4.1620393       0.0000000       8.6768794
 C     647        30.4474466       0.0934652      36.4707483
 C     648        30.6714733       0.0965591      36.4741639
 H     649         3.3054943       0.0000000       8.6776761
 N     650        27.9180710       0.0581197      27.5240970
 H     651         1.7470306       0.0000000       8.6761443
 C     652        26.1395629       0.0929925      36.4751412
 C     653        28.4459243       0.0932226      36.4562669
 C     654        32.3158291       0.0952789      36.4647485
 H     655         3.8323144       0.0000000       8.6757618
 C     656        33.4194367       0.0944614      36.4542686
 H     657         3.6368356       0.0000000       8.6793081
 C     658        32.4664283       0.0943957      36.4652143
 H     659         3.6096680       0.0000000       8.6763878
 C     660        30.5963565       0.0911180      36.4753724
 H     661         4.0239835       0.0000000       8.6771709
 C     662        22.3684419       0.0949655      36.4700681
 O     663        30.8206720       0.0382703      23.3348820
 N     664        28.9194435       0.0550529      27.5577777
 H     665         4.1395359       0.0000000       8.6778514
 C     666        24.8410002       0.0932733      36.4699955
 H     667         3.7895436       0.0000000       8.6788299
 C     668        21.0401952       0.0946997      36.4677165
 H     669         4.0914635       0.0000000       8.6784651
 O     670        29.8793495       0.0389413      23.3647219
 H     671         2.0962864       0.0000000       8.6809287
 C     672        30.4413193       0.0937863      36.4597837
 H     673         4.0436514       0.0000000       8.6804859
 H     674         4.0821223       0.0000000       8.6764900
 H     675         4.0515269       0.0000000       8.6747965
 C     676        20.6610474       0.0927125      36.4630396
 O     677        28.2363373       0.0379181      23.3334680
 N     678        29.5873904       0.0579246      27.5378792
 H     679         3.0045100       0.0000000       8.6778925
 C     680        22.1756216       0.0955516      36.4669257
 H     681         4.1092681       0.0000000       8.6773054
 C     682        28.4988109       0.0915932      36.4689994
 H     683         4.1623364       0.0000000       8.6811944
 H     684         4.0999855       0.0000000       8.6766433
 C     685        29.5582770       0.0952300      36.4635541
 C     686        32.1248055       0.0934870      36.4687027
 H     687         3.6207635       0.0000000       8.6785290
 C     688        35.3765432       0.0927967      36.4791913
 H     689         2.6714003       0.0000000       8.6795203
 C     690        23.8435433       0.0913935      36.4644038
 O     691        28.8347409       0.0371075      23.3343160
 H     692         2.3702469       0.0000000       8.6785928
 C     693        31.7504452       0.0930359      36.4881277
 H     694         3.4323520       0.0000000       8.6760735
 C     695        35.2253650       0.0959108      36.4787256
 H     696         2.8219921       0.0000000       8.6801634
 C     697        21.5030576       0.0940874      36.4787818
 O     698        30.0319990       0.0385194      23.3547543
 N     699        30.5149346       0.0568589      27.5453682
 H     700         3.3544515       0.0000000       8.6732067
 C     701        21.8757282       0.0964631      36.4725746
 H     702         4.2255429       0.0000000       8.6800102
 C     703        30.5991550       0.0921129      36.4634809
 H     704         4.4114264       0.0000000       8.6779704
 H     705         3.7680206       0.0000000       8.6744617
 C     706        17.4170108       0.0923495      36.4712903
 O     707        31.1025129       0.0405147      23.3389527
 O     708        34.2979435       0.0377812      23.3424091
 C     709        23.0915828       0.0909601      36.4677972
 O     710        27.0012930       0.0373753      23.3539235
 N     711        30.6770953       0.0577569      27.5387887
 H     712         1.8839516       0.0000000       8.6759149
 C     713        20.5888995       0.0939937      36.4642677
 H     714         4.9245364       0.0000000       8.6772797
 C     715        33.3670089       0.0938318      36.4739339
 H     716         3.6549713       0.0000000       8.6789243
 H     717         3.3651825       0.0000000       8.6810318
 C     718        18.3975442       0.0926347      36.4642075
 O     719        32.3803380       0.0405345      23.3428087
 O     720        34.0361669       0.0391765      23.3239722
 C     721        21.6885375       0.0949502      36.4790840
 O     722        28.7852361       0.0404458      23.3229889
 N     723        30.0920140       0.0596154      27.5431231
 H     724         3.5347840       0.0000000       8.6771083
 C     725        21.1237983       0.0967518      36.4707224
 H     726         4.2133794       0.0000000       8.6786361
 C     727        29.3875653       0.0973304      36.4646103
 H     728         4.0434982       0.0000000       8.6786992
 H     729         4.7194318       0.0000000       8.6780977
 H     730         4.0728652       0.0000000       8.6766811
 C     731        21.4308362       0.0930327      36.4681771
 O     732        30.8843107       0.0390357      23.3324043
 N     733        28.1541012       0.0591759      27.5480294
 H     734         4.1369035       0.0000000       8.6772165
 C     735        26.5350135       0.0943384      36.4604626
 H     736         3.8374134       0.0000000       8.6778757
 C     737        20.7268931       0.0932199      36.4663727
 H     738         4.1513419       0.0000000       8.6746169
 O     739        30.1164585       0.0382419      23.3459248
 H     740         2.4401656       0.0000000       8.6772638
 C     741        30.9640520       0.0912364      36.4722506
 H     742         4.0435767       0.0000000       8.6744517
 H     743         4.4031989       0.0000000       8.6748674
 H     744         4.3243573       0.0000000       8.6758520
 C     745        22.7596477       0.0912867      36.4641348
 O     746        29.6422434       0.0359593      23.3453526
 N     747        27.5918224       0.0589661      27.5263991
 H     748         3.9582073       0.0000000       8.6784692
 C     749        22.2572013       0.0915580      36.4604455
 H     750         4.4835830       0.0000000       8.6772471
 C     751        27.9170107       0.0921393      36.4616965
 H     752         4.7583225       0.0000000       8.6778075
 H     753         4.1295305       0.0000000       8.6776879
 C     754        25.0964603       0.0914930      36.4787934
 H     755         4.5499546       0.0000000       8.6787202
 H     756         4.5048052       0.0000000       8.6772893
 C     757        25.7638437       0.0943739      36.4574127
 H     758         3.7205728       0.0000000       8.6786358
 H     759         4.0709252       0.0000000       8.6752199
 C     760        23.0645941       0.0923725      36.4543393
 H     761         4.3290222       0.0000000       8.6803562
 H     762         4.3252370       0.0000000       8.6823251
 N     763        22.6378079       0.0575499      27.5458350
 H     764         2.0055037       0.0000000       8.6780322
 H     765         2.9814438       0.0000000       8.6735754
 H     766         2.1275405       0.0000000       8.6769018
 C     767        23.2359568       0.0958765      36.4696058
 O     768        28.1682239       0.0366329      23.3523649
 N     769        28.7433034       0.0587447      27.5561324
 H     770         4.1256297       0.0000000       8.6773097
 C     771        24.2567107       0.0933809      36.4626190
 H     772         4.6565489       0.0000000       8.6762308
 C     773        22.6319806       0.0947828      36.4501726
 H     774         4.1392163       0.0000000       8.6777444
 O     775        29.1966564       0.0373973      23.3228048
 H     776         2.3689774       0.0000000       8.6769229
 C     777        31.3209174       0.0938777      36.4683829
 H     778         3.8854721       0.0000000       8.6773609
 H     779         3.9373348       0.0000000       8.6764456
 H     780         3.8654435       0.0000000       8.6795322
 C     781        22.3058628       0.0946071      36.4751784
 O     782        29.0262982       0.0361926      23.3567701
 N     783        31.5960119       0.0589955      27.5162481
 H     784         3.7478629       0.0000000       8.6774240
 C     785        22.4262234       0.0926005      36.4656240
 H     786         4.3898990       0.0000000       8.6775398
 C     787        29.5326314       0.0924186      36.4726114
 H     788         3.8538727       0.0000000       8.6743096
 H     789         4.0238940       0.0000000       8.6764334
 C     790        27.6682531       0.0949961      36.4456554
 C     791        32.3535298       0.0958358      36.4802734
 H     792         3.9599283       0.0000000       8.6768983
 C     793        30.1242396       0.0943388      36.4645953
 H     794         4.4829886       0.0000000       8.6746946
 C     795        32.3176968       0.0950594      36.4592158
 H     796         3.7994743       0.0000000       8.6766746
 C     797        32.8471963       0.0961370      36.4708267
 H     798         3.6164538       0.0000000       8.6760749
 C     799        29.7252909       0.0943977      36.4627813
 H     800         3.3286822       0.0000000       8.6786979
 C     801        22.6332269       0.0936156      36.4817322
 O     802        26.3027011       0.0372101      23.3318910
 N     803        31.0169787       0.0563667      27.5435034
 H     804         3.3801991       0.0000000       8.6734870
 C     805        24.3643828       0.0956617      36.4578772
 H     806         4.7491824       0.0000000       8.6796875
 C     807        22.2633054       0.0927711      36.4576132
 H     808         3.2999342       0.0000000       8.6782720
 O     809        29.8414673       0.0401211      23.3130708
 H     810         2.4846465       0.0000000       8.6778807
 C     811        32.2076317       0.0937385      36.4667449
 H     812         3.8224162       0.0000000       8.6768063
 H     813         3.9351382       0.0000000       8.6811475
 H     814         4.1429941       0.0000000       8.6773099
 C     815        21.7121141       0.0934520      36.4756433
 O     816        27.6500719       0.0376346      23.3381352
 N     817        29.7796841       0.0596659      27.5530494
 H     818         3.8541886       0.0000000       8.6777529
 C     819        23.4313939       0.0916184      36.4620285
 H     820         4.6385639       0.0000000       8.6760603
 C     821        22.3793991       0.0925903      36.4684845
 H     822         5.0155415       0.0000000       8.6766083
 C     823        29.8011584       0.0942505      36.4665420
 H     824         4.7269106       0.0000000       8.6756910
 H     825         4.1695553       0.0000000       8.6855093
 H     826         4.8578549       0.0000000       8.6780321
 C     827        32.0485614       0.0949900      36.4702987
 H     828         4.4337522       0.0000000       8.6761241
 H     829         3.8935208       0.0000000       8.6773825
 H     830         4.2818123       0.0000000       8.6774474
 C     831        21.7217915       0.0928504      36.4658152
 O     832        27.6160155       0.0384000      23.3429736
 N     833        29.1112862       0.0564678      27.5425299
 H     834         3.6484823       0.0000000       8.6772795
 C     835        25.7945728       0.0928853      36.4667892
 H     836         4.4345067       0.0000000       8.6786050
 C     837        21.5184215       0.0950914      36.4566905
 H     838         3.3840816       0.0000000       8.6774334
 O     839        30.1119032       0.0375232      23.3277962
 H     840         1.7917035       0.0000000       8.6779831
 C     841        31.1183772       0.0946416      36.4692188
 H     842         4.2675512       0.0000000       8.6785326
 H     843         4.7690670       0.0000000       8.6817789
 H     844         4.1023287       0.0000000       8.6763579
 C     845        22.7996717       0.0926054      36.4664799
 O     846        28.3576365       0.0395627      23.3047099
 C     847        23.2585080       0.0947278      36.4574301
 C     848        17.8533711       0.0916781      36.4686644
 O     849        35.2447667       0.0370483      23.3418627
 O     850        35.8253253       0.0378768      23.3536585
 N     851        29.6537340       0.0583918      27.5397386
 H     852         2.8245852       0.0000000       8.6780156
 H     853         4.0661574       0.0000000       8.6781876
 C     854        25.7537724       0.0938317      36.4656840
 H     855         4.5788445       0.0000000       8.6805456
 H     856         4.1286732       0.0000000       8.6829055
 C     857        30.2273550       0.0948674      36.4750228
 H     858         4.4571087       0.0000000       8.6776670
 H     859         4.4161425       0.0000000       8.6766316
 C     860        18.2751286       0.0945770      36.4810008
 O     861        35.7142806       0.0393100      23.3239705
 O     862        35.0104966       0.0381502      23.3284583
