N600  0.00  -0.255426   1.644409  0.00  -0.127713   1.644409 
H601  0.00  -0.000000   0.000000  0.00  -0.000000   0.000000 
H602  0.00  -0.000000   0.000000  0.00  -0.000000   0.000000 
H603  0.00  -0.000000   0.000000  0.00  -0.000000   0.000000 
C604  0.00  -0.061947   1.820615  0.00  -0.030974   1.820615 
H605  0.00  -0.035964   1.301631  0.00  -0.017982   1.301631 
C606  0.00  -0.061947   1.912568  0.00  -0.030974   1.912568 
H607  0.00  -0.035964   1.382335  0.00  -0.017982   1.382335 
H608  0.00  -0.035964   1.295765  0.00  -0.017982   1.295765 
C609  0.00  -0.061947   1.841320  0.00  -0.030974   1.841320 
H610  0.00  -0.035964   1.375188  0.00  -0.017982   1.375188 
H611  0.00  -0.035964   1.354918  0.00  -0.017982   1.354918 
S612  0.00  -0.225393   2.075662  0.00  -0.112697   2.075662 
C613  0.00  -0.061947   1.902602  0.00  -0.030974   1.902602 
H614  0.00  -0.035964   1.322100  0.00  -0.017982   1.322100 
H615  0.00  -0.035964   1.322100  0.00  -0.017982   1.322100 
H616  0.00  -0.035964   1.322100  0.00  -0.017982   1.322100 
C617  0.00  -0.061947   1.758124  0.00  -0.030974   1.758124 
O618  0.00  -0.100097   1.742965  0.00  -0.050049   1.742965 
N619  0.00  -0.150841   1.798000  0.00  -0.075421   1.798000 
H620  0.00  -0.000000   0.000000  0.00  -0.000000   0.000000 
C621  0.00  -0.061947   1.819295  0.00  -0.030974   1.819295 
H622  0.00  -0.035964   1.381317  0.00  -0.017982   1.381317 
C623  0.00  -0.061947   1.915653  0.00  -0.030974   1.915653 
H624  0.00  -0.035964   1.305515  0.00  -0.017982   1.305515 
H625  0.00  -0.035964   1.375192  0.00  -0.017982   1.375192 
C626  0.00  -0.061947   1.940373  0.00  -0.030974   1.940373 
H627  0.00  -0.035964   1.296725  0.00  -0.017982   1.296725 
H628  0.00  -0.035964   1.368527  0.00  -0.017982   1.368527 
C629  0.00  -0.061947   1.666581  0.00  -0.030974   1.666581 
O630  0.00  -0.100097   1.801970  0.00  -0.050049   1.801970 
N631  0.00  -0.135316   1.920007  0.00  -0.067658   1.920007 
H632  0.00  -0.000000   0.000000  0.00  -0.000000   0.000000 
H633  0.00  -0.000000   0.000000  0.00  -0.000000   0.000000 
C634  0.00  -0.061947   1.777348  0.00  -0.030974   1.777348 
O635  0.00  -0.100097   1.769241  0.00  -0.050049   1.769241 
N636  0.00  -0.156825   1.795602  0.00  -0.078412   1.795602 
H637  0.00  -0.000000   0.000000  0.00  -0.000000   0.000000 
C638  0.00  -0.061947   1.825540  0.00  -0.030974   1.825540 
H639  0.00  -0.035964   1.346679  0.00  -0.017982   1.346679 
C640  0.00  -0.061947   1.970986  0.00  -0.030974   1.970986 
H641  0.00  -0.035964   1.347920  0.00  -0.017982   1.347920 
H642  0.00  -0.035964   1.305971  0.00  -0.017982   1.305971 
C643  0.00  -0.061947   1.941862  0.00  -0.030974   1.941862 
C644  0.00  -0.061947   2.036976  0.00  -0.030974   2.036976 
H645  0.00  -0.035964   1.302008  0.00  -0.017982   1.302008 
C646  0.00  -0.061947   2.033084  0.00  -0.030974   2.033084 
H647  0.00  -0.035964   1.256398  0.00  -0.017982   1.256398 
C648  0.00  -0.061947   1.834529  0.00  -0.030974   1.834529 
O649  0.00  -0.123325   1.710731  0.00  -0.061663   1.710731 
H650  0.00  -0.000000   0.000000  0.00  -0.000000   0.000000 
C651  0.00  -0.061947   2.008821  0.00  -0.030974   2.008821 
H652  0.00  -0.035964   1.313850  0.00  -0.017982   1.313850 
C653  0.00  -0.061947   2.080559  0.00  -0.030974   2.080559 
H654  0.00  -0.035964   1.307788  0.00  -0.017982   1.307788 
C655  0.00  -0.061947   1.764600  0.00  -0.030974   1.764600 
O656  0.00  -0.100097   1.707058  0.00  -0.050049   1.707058 
N657  0.00  -0.147533   1.807257  0.00  -0.073766   1.807257 
H658  0.00  -0.000000   0.000000  0.00  -0.000000   0.000000 
C659  0.00  -0.061947   1.792327  0.00  -0.030974   1.792327 
H660  0.00  -0.035964   1.423126  0.00  -0.017982   1.423126 
C661  0.00  -0.061947   1.951061  0.00  -0.030974   1.951061 
H662  0.00  -0.035964   1.343667  0.00  -0.017982   1.343667 
H663  0.00  -0.035964   1.330363  0.00  -0.017982   1.330363 
C664  0.00  -0.061947   1.893964  0.00  -0.030974   1.893964 
H665  0.00  -0.035964   1.400928  0.00  -0.017982   1.400928 
H666  0.00  -0.035964   1.353551  0.00  -0.017982   1.353551 
C667  0.00  -0.061947   1.911921  0.00  -0.030974   1.911921 
H668  0.00  -0.035964   1.338377  0.00  -0.017982   1.338377 
H669  0.00  -0.035964   1.369742  0.00  -0.017982   1.369742 
C670  0.00  -0.061947   1.801228  0.00  -0.030974   1.801228 
H671  0.00  -0.035964   1.350727  0.00  -0.017982   1.350727 
H672  0.00  -0.035964   1.326040  0.00  -0.017982   1.326040 
N673  0.00  -0.231848   1.662062  0.00  -0.115924   1.662062 
H674  0.00  -0.000000   0.000000  0.00  -0.000000   0.000000 
H675  0.00  -0.000000   0.000000  0.00  -0.000000   0.000000 
H676  0.00  -0.000000   0.000000  0.00  -0.000000   0.000000 
C677  0.00  -0.061947   1.818239  0.00  -0.030974   1.818239 
O678  0.00  -0.100097   1.722265  0.00  -0.050049   1.722265 
N679  0.00  -0.148344   1.842634  0.00  -0.074172   1.842634 
H680  0.00  -0.000000   0.000000  0.00  -0.000000   0.000000 
C681  0.00  -0.061947   1.786304  0.00  -0.030974   1.786304 
H682  0.00  -0.035964   1.365521  0.00  -0.017982   1.365521 
C683  0.00  -0.061947   1.995821  0.00  -0.030974   1.995821 
H684  0.00  -0.035964   1.397670  0.00  -0.017982   1.397670 
H685  0.00  -0.035964   1.455107  0.00  -0.017982   1.455107 
C686  0.00  -0.061947   1.794448  0.00  -0.030974   1.794448 
H687  0.00  -0.035964   1.393126  0.00  -0.017982   1.393126 
C688  0.00  -0.061947   2.001128  0.00  -0.030974   2.001128 
H689  0.00  -0.035964   1.347421  0.00  -0.017982   1.347421 
H690  0.00  -0.035964   1.347421  0.00  -0.017982   1.347421 
H691  0.00  -0.035964   1.347421  0.00  -0.017982   1.347421 
C692  0.00  -0.061947   1.994670  0.00  -0.030974   1.994670 
H693  0.00  -0.035964   1.337283  0.00  -0.017982   1.337283 
H694  0.00  -0.035964   1.337283  0.00  -0.017982   1.337283 
H695  0.00  -0.035964   1.337283  0.00  -0.017982   1.337283 
C696  0.00  -0.061947   1.823442  0.00  -0.030974   1.823442 
O697  0.00  -0.100097   1.733030  0.00  -0.050049   1.733030 
N698  0.00  -0.158204   1.814726  0.00  -0.079102   1.814726 
H699  0.00  -0.000000   0.000000  0.00  -0.000000   0.000000 
C700  0.00  -0.061947   1.829400  0.00  -0.030974   1.829400 
H701  0.00  -0.035964   1.410569  0.00  -0.017982   1.410569 
C702  0.00  -0.061947   1.790722  0.00  -0.030974   1.790722 
H703  0.00  -0.035964   1.389474  0.00  -0.017982   1.389474 
C704  0.00  -0.061947   2.019079  0.00  -0.030974   2.019079 
H705  0.00  -0.035964   1.364148  0.00  -0.017982   1.364148 
H706  0.00  -0.035964   1.364148  0.00  -0.017982   1.364148 
H707  0.00  -0.035964   1.364148  0.00  -0.017982   1.364148 
C708  0.00  -0.061947   1.998401  0.00  -0.030974   1.998401 
H709  0.00  -0.035964   1.349721  0.00  -0.017982   1.349721 
H710  0.00  -0.035964   1.349721  0.00  -0.017982   1.349721 
H711  0.00  -0.035964   1.349721  0.00  -0.017982   1.349721 
C712  0.00  -0.061947   1.795973  0.00  -0.030974   1.795973 
O713  0.00  -0.100097   1.698937  0.00  -0.050049   1.698937 
N714  0.00  -0.150571   1.798697  0.00  -0.075286   1.798697 
H715  0.00  -0.000000   0.000000  0.00  -0.000000   0.000000 
C716  0.00  -0.061947   1.822179  0.00  -0.030974   1.822179 
H717  0.00  -0.035964   1.447441  0.00  -0.017982   1.447441 
C718  0.00  -0.061947   1.896332  0.00  -0.030974   1.896332 
H719  0.00  -0.035964   1.388003  0.00  -0.017982   1.388003 
C720  0.00  -0.061947   1.992267  0.00  -0.030974   1.992267 
H721  0.00  -0.035964   1.379213  0.00  -0.017982   1.379213 
H722  0.00  -0.035964   1.379213  0.00  -0.017982   1.379213 
H723  0.00  -0.035964   1.379213  0.00  -0.017982   1.379213 
C724  0.00  -0.061947   1.868380  0.00  -0.030974   1.868380 
H725  0.00  -0.035964   1.341317  0.00  -0.017982   1.341317 
H726  0.00  -0.035964   1.364844  0.00  -0.017982   1.364844 
C727  0.00  -0.061947   1.952686  0.00  -0.030974   1.952686 
H728  0.00  -0.035964   1.379480  0.00  -0.017982   1.379480 
H729  0.00  -0.035964   1.379480  0.00  -0.017982   1.379480 
H730  0.00  -0.035964   1.379480  0.00  -0.017982   1.379480 
C731  0.00  -0.061947   1.791651  0.00  -0.030974   1.791651 
O732  0.00  -0.100097   1.741825  0.00  -0.050049   1.741825 
N733  0.00  -0.148286   1.801473  0.00  -0.074143   1.801473 
H734  0.00  -0.000000   0.000000  0.00  -0.000000   0.000000 
C735  0.00  -0.061947   1.795839  0.00  -0.030974   1.795839 
H736  0.00  -0.035964   1.384237  0.00  -0.017982   1.384237 
C737  0.00  -0.061947   1.998169  0.00  -0.030974   1.998169 
H738  0.00  -0.035964   1.319910  0.00  -0.017982   1.319910 
H739  0.00  -0.035964   1.332029  0.00  -0.017982   1.332029 
C740  0.00  -0.061947   1.688948  0.00  -0.030974   1.688948 
O741  0.00  -0.100097   1.788640  0.00  -0.050049   1.788640 
N742  0.00  -0.140351   1.899677  0.00  -0.070176   1.899677 
H743  0.00  -0.000000   0.000000  0.00  -0.000000   0.000000 
H744  0.00  -0.000000   0.000000  0.00  -0.000000   0.000000 
C745  0.00  -0.061947   1.790869  0.00  -0.030974   1.790869 
O746  0.00  -0.100097   1.756523  0.00  -0.050049   1.756523 
N747  0.00  -0.146974   1.792269  0.00  -0.073487   1.792269 
H748  0.00  -0.000000   0.000000  0.00  -0.000000   0.000000 
C749  0.00  -0.061947   1.871894  0.00  -0.030974   1.871894 
H750  0.00  -0.035964   1.292482  0.00  -0.017982   1.292482 
H751  0.00  -0.035964   1.347176  0.00  -0.017982   1.347176 
C752  0.00  -0.061947   1.766286  0.00  -0.030974   1.766286 
O753  0.00  -0.100097   1.789535  0.00  -0.050049   1.789535 
N754  0.00  -0.137461   1.815073  0.00  -0.068730   1.815073 
H755  0.00  -0.000000   0.000000  0.00  -0.000000   0.000000 
C756  0.00  -0.061947   1.843638  0.00  -0.030974   1.843638 
H757  0.00  -0.035964   1.356778  0.00  -0.017982   1.356778 
C758  0.00  -0.061947   1.916061  0.00  -0.030974   1.916061 
H759  0.00  -0.035964   1.337042  0.00  -0.017982   1.337042 
H760  0.00  -0.035964   1.363967  0.00  -0.017982   1.363967 
C761  0.00  -0.061947   1.835227  0.00  -0.030974   1.835227 
H762  0.00  -0.035964   1.384308  0.00  -0.017982   1.384308 
H763  0.00  -0.035964   1.404006  0.00  -0.017982   1.404006 
C764  0.00  -0.061947   1.906061  0.00  -0.030974   1.906061 
H765  0.00  -0.035964   1.326732  0.00  -0.017982   1.326732 
H766  0.00  -0.035964   1.334826  0.00  -0.017982   1.334826 
C767  0.00  -0.061947   1.814093  0.00  -0.030974   1.814093 
H768  0.00  -0.035964   1.332543  0.00  -0.017982   1.332543 
H769  0.00  -0.035964   1.329454  0.00  -0.017982   1.329454 
N770  0.00  -0.197915   1.675781  0.00  -0.098958   1.675781 
H771  0.00  -0.000000   0.000000  0.00  -0.000000   0.000000 
H772  0.00  -0.000000   0.000000  0.00  -0.000000   0.000000 
H773  0.00  -0.000000   0.000000  0.00  -0.000000   0.000000 
C774  0.00  -0.061947   1.826765  0.00  -0.030974   1.826765 
O775  0.00  -0.100097   1.762578  0.00  -0.050049   1.762578 
N776  0.00  -0.136158   1.780117  0.00  -0.068079   1.780117 
H777  0.00  -0.000000   0.000000  0.00  -0.000000   0.000000 
C778  0.00  -0.061947   1.907362  0.00  -0.030974   1.907362 
H779  0.00  -0.035964   1.275124  0.00  -0.017982   1.275124 
C780  0.00  -0.061947   1.763799  0.00  -0.030974   1.763799 
H781  0.00  -0.035964   1.345765  0.00  -0.017982   1.345765 
O782  0.00  -0.126888   1.790497  0.00  -0.063444   1.790497 
H783  0.00  -0.000000   0.000000  0.00  -0.000000   0.000000 
C784  0.00  -0.061947   2.016126  0.00  -0.030974   2.016126 
H785  0.00  -0.035964   1.342472  0.00  -0.017982   1.342472 
H786  0.00  -0.035964   1.342472  0.00  -0.017982   1.342472 
H787  0.00  -0.035964   1.342472  0.00  -0.017982   1.342472 
C788  0.00  -0.061947   1.745580  0.00  -0.030974   1.745580 
O789  0.00  -0.100097   1.766137  0.00  -0.050049   1.766137 
N790  0.00  -0.148399   1.788054  0.00  -0.074200   1.788054 
H791  0.00  -0.000000   0.000000  0.00  -0.000000   0.000000 
C792  0.00  -0.061947   1.827399  0.00  -0.030974   1.827399 
H793  0.00  -0.035964   1.325504  0.00  -0.017982   1.325504 
C794  0.00  -0.061947   2.021204  0.00  -0.030974   2.021204 
H795  0.00  -0.035964   1.364221  0.00  -0.017982   1.364221 
H796  0.00  -0.035964   1.324485  0.00  -0.017982   1.324485 
C797  0.00  -0.061947   1.778921  0.00  -0.030974   1.778921 
H798  0.00  -0.035964   1.332071  0.00  -0.017982   1.332071 
C799  0.00  -0.061947   2.015946  0.00  -0.030974   2.015946 
H800  0.00  -0.035964   1.358366  0.00  -0.017982   1.358366 
H801  0.00  -0.035964   1.358366  0.00  -0.017982   1.358366 
H802  0.00  -0.035964   1.358366  0.00  -0.017982   1.358366 
C803  0.00  -0.061947   1.999910  0.00  -0.030974   1.999910 
H804  0.00  -0.035964   1.355825  0.00  -0.017982   1.355825 
H805  0.00  -0.035964   1.355825  0.00  -0.017982   1.355825 
H806  0.00  -0.035964   1.355825  0.00  -0.017982   1.355825 
C807  0.00  -0.061947   1.831961  0.00  -0.030974   1.831961 
O808  0.00  -0.100097   1.719994  0.00  -0.050049   1.719994 
N809  0.00  -0.133358   1.802324  0.00  -0.066679   1.802324 
H810  0.00  -0.000000   0.000000  0.00  -0.000000   0.000000 
C811  0.00  -0.061947   1.798277  0.00  -0.030974   1.798277 
H812  0.00  -0.035964   1.316662  0.00  -0.017982   1.316662 
C813  0.00  -0.061947   1.958800  0.00  -0.030974   1.958800 
H814  0.00  -0.035964   1.363207  0.00  -0.017982   1.363207 
H815  0.00  -0.035964   1.370902  0.00  -0.017982   1.370902 
C816  0.00  -0.061947   1.828671  0.00  -0.030974   1.828671 
H817  0.00  -0.035964   1.329319  0.00  -0.017982   1.329319 
H818  0.00  -0.035964   1.442240  0.00  -0.017982   1.442240 
C819  0.00  -0.061947   1.926635  0.00  -0.030974   1.926635 
H820  0.00  -0.035964   1.423235  0.00  -0.017982   1.423235 
H821  0.00  -0.035964   1.356590  0.00  -0.017982   1.356590 
C822  0.00  -0.061947   1.811427  0.00  -0.030974   1.811427 
H823  0.00  -0.035964   1.299417  0.00  -0.017982   1.299417 
H824  0.00  -0.035964   1.310922  0.00  -0.017982   1.310922 
N825  0.00  -0.214329   1.653461  0.00  -0.107164   1.653461 
H826  0.00  -0.000000   0.000000  0.00  -0.000000   0.000000 
H827  0.00  -0.000000   0.000000  0.00  -0.000000   0.000000 
H828  0.00  -0.000000   0.000000  0.00  -0.000000   0.000000 
C829  0.00  -0.061947   1.790370  0.00  -0.030974   1.790370 
O830  0.00  -0.100097   1.781162  0.00  -0.050049   1.781162 
N831  0.00  -0.170220   1.740851  0.00  -0.085110   1.740851 
H832  0.00  -0.000000   0.000000  0.00  -0.000000   0.000000 
C833  0.00  -0.061947   1.859569  0.00  -0.030974   1.859569 
H834  0.00  -0.035964   1.317560  0.00  -0.017982   1.317560 
H835  0.00  -0.035964   1.318450  0.00  -0.017982   1.318450 
C836  0.00  -0.061947   1.724778  0.00  -0.030974   1.724778 
O837  0.00  -0.100097   1.730903  0.00  -0.050049   1.730903 
N838  0.00  -0.127245   1.829831  0.00  -0.063622   1.829831 
H839  0.00  -0.000000   0.000000  0.00  -0.000000   0.000000 
C840  0.00  -0.061947   1.820603  0.00  -0.030974   1.820603 
H841  0.00  -0.035964   1.362840  0.00  -0.017982   1.362840 
C842  0.00  -0.061947   1.902859  0.00  -0.030974   1.902859 
H843  0.00  -0.035964   1.360386  0.00  -0.017982   1.360386 
H844  0.00  -0.035964   1.367601  0.00  -0.017982   1.367601 
C845  0.00  -0.061947   1.979395  0.00  -0.030974   1.979395 
H846  0.00  -0.035964   1.319447  0.00  -0.017982   1.319447 
H847  0.00  -0.035964   1.374719  0.00  -0.017982   1.374719 
C848  0.00  -0.061947   1.657178  0.00  -0.030974   1.657178 
O849  0.00  -0.100097   1.834776  0.00  -0.050049   1.834776 
O850  0.00  -0.100097   1.869883  0.00  -0.050049   1.869883 
C851  0.00  -0.061947   1.777047  0.00  -0.030974   1.777047 
O852  0.00  -0.100097   1.782864  0.00  -0.050049   1.782864 
N853  0.00  -0.154076   1.816501  0.00  -0.077038   1.816501 
H854  0.00  -0.000000   0.000000  0.00  -0.000000   0.000000 
C855  0.00  -0.061947   1.822814  0.00  -0.030974   1.822814 
H856  0.00  -0.035964   1.306226  0.00  -0.017982   1.306226 
C857  0.00  -0.061947   1.794545  0.00  -0.030974   1.794545 
H858  0.00  -0.035964   1.326917  0.00  -0.017982   1.326917 
O859  0.00  -0.117583   1.776311  0.00  -0.058791   1.776311 
H860  0.00  -0.000000   0.000000  0.00  -0.000000   0.000000 
C861  0.00  -0.061947   2.042834  0.00  -0.030974   2.042834 
H862  0.00  -0.035964   1.320121  0.00  -0.017982   1.320121 
H863  0.00  -0.035964   1.320121  0.00  -0.017982   1.320121 
H864  0.00  -0.035964   1.320121  0.00  -0.017982   1.320121 
C865  0.00  -0.061947   1.785707  0.00  -0.030974   1.785707 
O866  0.00  -0.100097   1.681646  0.00  -0.050049   1.681646 
N867  0.00  -0.147226   1.807200  0.00  -0.073613   1.807200 
H868  0.00  -0.000000   0.000000  0.00  -0.000000   0.000000 
C869  0.00  -0.061947   1.882285  0.00  -0.030974   1.882285 
H870  0.00  -0.035964   1.378718  0.00  -0.017982   1.378718 
C871  0.00  -0.061947   1.780429  0.00  -0.030974   1.780429 
H872  0.00  -0.035964   1.331769  0.00  -0.017982   1.331769 
O873  0.00  -0.120968   1.777919  0.00  -0.060484   1.777919 
H874  0.00  -0.000000   0.000000  0.00  -0.000000   0.000000 
C875  0.00  -0.061947   1.990746  0.00  -0.030974   1.990746 
H876  0.00  -0.035964   1.350495  0.00  -0.017982   1.350495 
H877  0.00  -0.035964   1.350495  0.00  -0.017982   1.350495 
H878  0.00  -0.035964   1.350495  0.00  -0.017982   1.350495 
C879  0.00  -0.061947   1.735497  0.00  -0.030974   1.735497 
O880  0.00  -0.100097   1.754047  0.00  -0.050049   1.754047 
N881  0.00  -0.146655   1.834407  0.00  -0.073328   1.834407 
H882  0.00  -0.000000   0.000000  0.00  -0.000000   0.000000 
C883  0.00  -0.061947   1.804071  0.00  -0.030974   1.804071 
H884  0.00  -0.035964   1.361508  0.00  -0.017982   1.361508 
C885  0.00  -0.061947   1.784047  0.00  -0.030974   1.784047 
H886  0.00  -0.035964   1.333437  0.00  -0.017982   1.333437 
O887  0.00  -0.115627   1.784422  0.00  -0.057813   1.784422 
H888  0.00  -0.000000   0.000000  0.00  -0.000000   0.000000 
C889  0.00  -0.061947   2.056343  0.00  -0.030974   2.056343 
H890  0.00  -0.035964   1.359442  0.00  -0.017982   1.359442 
H891  0.00  -0.035964   1.359442  0.00  -0.017982   1.359442 
H892  0.00  -0.035964   1.359442  0.00  -0.017982   1.359442 
C893  0.00  -0.061947   1.756990  0.00  -0.030974   1.756990 
O894  0.00  -0.100097   1.736894  0.00  -0.050049   1.736894 
N895  0.00  -0.136401   1.790450  0.00  -0.068200   1.790450 
H896  0.00  -0.000000   0.000000  0.00  -0.000000   0.000000 
C897  0.00  -0.061947   1.810158  0.00  -0.030974   1.810158 
H898  0.00  -0.035964   1.384305  0.00  -0.017982   1.384305 
C899  0.00  -0.061947   1.921935  0.00  -0.030974   1.921935 
H900  0.00  -0.035964   1.354649  0.00  -0.017982   1.354649 
H901  0.00  -0.035964   1.357048  0.00  -0.017982   1.357048 
C902  0.00  -0.061947   1.871235  0.00  -0.030974   1.871235 
H903  0.00  -0.035964   1.379992  0.00  -0.017982   1.379992 
H904  0.00  -0.035964   1.356923  0.00  -0.017982   1.356923 
C905  0.00  -0.061947   1.897412  0.00  -0.030974   1.897412 
H906  0.00  -0.035964   1.328634  0.00  -0.017982   1.328634 
H907  0.00  -0.035964   1.378163  0.00  -0.017982   1.378163 
C908  0.00  -0.061947   1.804366  0.00  -0.030974   1.804366 
H909  0.00  -0.035964   1.345371  0.00  -0.017982   1.345371 
H910  0.00  -0.035964   1.343274  0.00  -0.017982   1.343274 
N911  0.00  -0.204307   1.672291  0.00  -0.102153   1.672291 
H912  0.00  -0.000000   0.000000  0.00  -0.000000   0.000000 
H913  0.00  -0.000000   0.000000  0.00  -0.000000   0.000000 
H914  0.00  -0.000000   0.000000  0.00  -0.000000   0.000000 
C915  0.00  -0.061947   1.790629  0.00  -0.030974   1.790629 
O916  0.00  -0.100097   1.771855  0.00  -0.050049   1.771855 
N917  0.00  -0.149567   1.790592  0.00  -0.074784   1.790592 
H918  0.00  -0.000000   0.000000  0.00  -0.000000   0.000000 
C919  0.00  -0.061947   1.788805  0.00  -0.030974   1.788805 
H920  0.00  -0.035964   1.318341  0.00  -0.017982   1.318341 
C921  0.00  -0.061947   2.005840  0.00  -0.030974   2.005840 
H922  0.00  -0.035964   1.323311  0.00  -0.017982   1.323311 
H923  0.00  -0.035964   1.323311  0.00  -0.017982   1.323311 
H924  0.00  -0.035964   1.323311  0.00  -0.017982   1.323311 
C925  0.00  -0.061947   1.770027  0.00  -0.030974   1.770027 
O926  0.00  -0.100097   1.712860  0.00  -0.050049   1.712860 
N927  0.00  -0.130373   1.784959  0.00  -0.065186   1.784959 
H928  0.00  -0.000000   0.000000  0.00  -0.000000   0.000000 
C929  0.00  -0.061947   1.881441  0.00  -0.030974   1.881441 
H930  0.00  -0.035964   1.328310  0.00  -0.017982   1.328310 
C931  0.00  -0.061947   1.804219  0.00  -0.030974   1.804219 
H932  0.00  -0.035964   1.326783  0.00  -0.017982   1.326783 
C933  0.00  -0.061947   1.994837  0.00  -0.030974   1.994837 
H934  0.00  -0.035964   1.350797  0.00  -0.017982   1.350797 
H935  0.00  -0.035964   1.350797  0.00  -0.017982   1.350797 
H936  0.00  -0.035964   1.350797  0.00  -0.017982   1.350797 
C937  0.00  -0.061947   1.994873  0.00  -0.030974   1.994873 
H938  0.00  -0.035964   1.347546  0.00  -0.017982   1.347546 
H939  0.00  -0.035964   1.347546  0.00  -0.017982   1.347546 
H940  0.00  -0.035964   1.347546  0.00  -0.017982   1.347546 
C941  0.00  -0.061947   1.805437  0.00  -0.030974   1.805437 
O942  0.00  -0.100097   1.780344  0.00  -0.050049   1.780344 
N943  0.00  -0.159106   1.774401  0.00  -0.079553   1.774401 
H944  0.00  -0.000000   0.000000  0.00  -0.000000   0.000000 
C945  0.00  -0.061947   1.794245  0.00  -0.030974   1.794245 
H946  0.00  -0.035964   1.312784  0.00  -0.017982   1.312784 
C947  0.00  -0.061947   2.033120  0.00  -0.030974   2.033120 
H948  0.00  -0.035964   1.361844  0.00  -0.017982   1.361844 
H949  0.00  -0.035964   1.280858  0.00  -0.017982   1.280858 
C950  0.00  -0.061947   1.675218  0.00  -0.030974   1.675218 
O951  0.00  -0.100097   1.753924  0.00  -0.050049   1.753924 
O952  0.00  -0.100097   1.848433  0.00  -0.050049   1.848433 
C953  0.00  -0.061947   1.832511  0.00  -0.030974   1.832511 
O954  0.00  -0.100097   1.739981  0.00  -0.050049   1.739981 
N955  0.00  -0.124235   1.834289  0.00  -0.062117   1.834289 
H956  0.00  -0.000000   0.000000  0.00  -0.000000   0.000000 
C957  0.00  -0.061947   1.785292  0.00  -0.030974   1.785292 
H958  0.00  -0.035964   1.384451  0.00  -0.017982   1.384451 
C959  0.00  -0.061947   2.000077  0.00  -0.030974   2.000077 
H960  0.00  -0.035964   1.303598  0.00  -0.017982   1.303598 
H961  0.00  -0.035964   1.303598  0.00  -0.017982   1.303598 
H962  0.00  -0.035964   1.303598  0.00  -0.017982   1.303598 
C963  0.00  -0.061947   1.813614  0.00  -0.030974   1.813614 
O964  0.00  -0.100097   1.727768  0.00  -0.050049   1.727768 
N965  0.00  -0.138207   1.798216  0.00  -0.069103   1.798216 
H966  0.00  -0.000000   0.000000  0.00  -0.000000   0.000000 
C967  0.00  -0.061947   1.841352  0.00  -0.030974   1.841352 
H968  0.00  -0.035964   1.300982  0.00  -0.017982   1.300982 
C969  0.00  -0.061947   1.897959  0.00  -0.030974   1.897959 
H970  0.00  -0.035964   1.341212  0.00  -0.017982   1.341212 
H971  0.00  -0.035964   1.346350  0.00  -0.017982   1.346350 
C972  0.00  -0.061947   1.932473  0.00  -0.030974   1.932473 
H973  0.00  -0.035964   1.412396  0.00  -0.017982   1.412396 
H974  0.00  -0.035964   1.346282  0.00  -0.017982   1.346282 
C975  0.00  -0.061947   1.639250  0.00  -0.030974   1.639250 
O976  0.00  -0.100097   1.846489  0.00  -0.050049   1.846489 
O977  0.00  -0.100097   1.873744  0.00  -0.050049   1.873744 
C978  0.00  -0.061947   1.822278  0.00  -0.030974   1.822278 
O979  0.00  -0.100097   1.752288  0.00  -0.050049   1.752288 
N980  0.00  -0.159536   1.800042  0.00  -0.079768   1.800042 
H981  0.00  -0.000000   0.000000  0.00  -0.000000   0.000000 
C982  0.00  -0.061947   1.896063  0.00  -0.030974   1.896063 
H983  0.00  -0.035964   1.338800  0.00  -0.017982   1.338800 
C984  0.00  -0.061947   1.789820  0.00  -0.030974   1.789820 
H985  0.00  -0.035964   1.311490  0.00  -0.017982   1.311490 
O986  0.00  -0.131086   1.805680  0.00  -0.065543   1.805680 
H987  0.00  -0.000000   0.000000  0.00  -0.000000   0.000000 
C988  0.00  -0.061947   2.011527  0.00  -0.030974   2.011527 
H989  0.00  -0.035964   1.342623  0.00  -0.017982   1.342623 
H990  0.00  -0.035964   1.342623  0.00  -0.017982   1.342623 
H991  0.00  -0.035964   1.342623  0.00  -0.017982   1.342623 
C992  0.00  -0.061947   1.835289  0.00  -0.030974   1.835289 
O993  0.00  -0.100097   1.771320  0.00  -0.050049   1.771320 
N994  0.00  -0.151443   1.799476  0.00  -0.075721   1.799476 
H995  0.00  -0.000000   0.000000  0.00  -0.000000   0.000000 
C996  0.00  -0.061947   1.786371  0.00  -0.030974   1.786371 
H997  0.00  -0.035964   1.323944  0.00  -0.017982   1.323944 
C998  0.00  -0.061947   1.998564  0.00  -0.030974   1.998564 
H999  0.00  -0.035964   1.362368  0.00  -0.017982   1.362368 
H1000  0.00  -0.035964   1.362368  0.00  -0.017982   1.362368 
H1001  0.00  -0.035964   1.362368  0.00  -0.017982   1.362368 
C1002  0.00  -0.061947   1.819061  0.00  -0.030974   1.819061 
O1003  0.00  -0.100097   1.778920  0.00  -0.050049   1.778920 
N1004  0.00  -0.153589   1.781368  0.00  -0.076795   1.781368 
H1005  0.00  -0.000000   0.000000  0.00  -0.000000   0.000000 
C1006  0.00  -0.061947   1.841272  0.00  -0.030974   1.841272 
H1007  0.00  -0.035964   1.376074  0.00  -0.017982   1.376074 
C1008  0.00  -0.061947   1.914915  0.00  -0.030974   1.914915 
H1009  0.00  -0.035964   1.350695  0.00  -0.017982   1.350695 
H1010  0.00  -0.035964   1.360808  0.00  -0.017982   1.360808 
C1011  0.00  -0.061947   1.970690  0.00  -0.030974   1.970690 
H1012  0.00  -0.035964   1.335081  0.00  -0.017982   1.335081 
H1013  0.00  -0.035964   1.406407  0.00  -0.017982   1.406407 
C1014  0.00  -0.061947   1.608123  0.00  -0.030974   1.608123 
O1015  0.00  -0.100097   1.879223  0.00  -0.050049   1.879223 
O1016  0.00  -0.100097   1.868194  0.00  -0.050049   1.868194 
C1017  0.00  -0.061947   1.810740  0.00  -0.030974   1.810740 
O1018  0.00  -0.100097   1.746910  0.00  -0.050049   1.746910 
N1019  0.00  -0.149738   1.786509  0.00  -0.074869   1.786509 
H1020  0.00  -0.000000   0.000000  0.00  -0.000000   0.000000 
C1021  0.00  -0.061947   1.833269  0.00  -0.030974   1.833269 
H1022  0.00  -0.035964   1.323583  0.00  -0.017982   1.323583 
C1023  0.00  -0.061947   1.951990  0.00  -0.030974   1.951990 
H1024  0.00  -0.035964   1.313104  0.00  -0.017982   1.313104 
H1025  0.00  -0.035964   1.426630  0.00  -0.017982   1.426630 
C1026  0.00  -0.061947   1.858590  0.00  -0.030974   1.858590 
H1027  0.00  -0.035964   1.406229  0.00  -0.017982   1.406229 
H1028  0.00  -0.035964   1.389795  0.00  -0.017982   1.389795 
C1029  0.00  -0.061947   1.913987  0.00  -0.030974   1.913987 
H1030  0.00  -0.035964   1.373749  0.00  -0.017982   1.373749 
H1031  0.00  -0.035964   1.359043  0.00  -0.017982   1.359043 
C1032  0.00  -0.061947   1.824591  0.00  -0.030974   1.824591 
H1033  0.00  -0.035964   1.343921  0.00  -0.017982   1.343921 
H1034  0.00  -0.035964   1.334195  0.00  -0.017982   1.334195 
N1035  0.00  -0.233981   1.650618  0.00  -0.116990   1.650618 
H1036  0.00  -0.000000   0.000000  0.00  -0.000000   0.000000 
H1037  0.00  -0.000000   0.000000  0.00  -0.000000   0.000000 
H1038  0.00  -0.000000   0.000000  0.00  -0.000000   0.000000 
C1039  0.00  -0.061947   1.822476  0.00  -0.030974   1.822476 
O1040  0.00  -0.100097   1.779900  0.00  -0.050049   1.779900 
N1041  0.00  -0.150229   1.774800  0.00  -0.075115   1.774800 
H1042  0.00  -0.000000   0.000000  0.00  -0.000000   0.000000 
C1043  0.00  -0.061947   1.789584  0.00  -0.030974   1.789584 
H1044  0.00  -0.035964   1.287419  0.00  -0.017982   1.287419 
C1045  0.00  -0.061947   1.997630  0.00  -0.030974   1.997630 
H1046  0.00  -0.035964   1.331663  0.00  -0.017982   1.331663 
H1047  0.00  -0.035964   1.331663  0.00  -0.017982   1.331663 
H1048  0.00  -0.035964   1.331663  0.00  -0.017982   1.331663 
C1049  0.00  -0.061947   1.792195  0.00  -0.030974   1.792195 
O1050  0.00  -0.100097   1.784248  0.00  -0.050049   1.784248 
N1051  0.00  -0.148424   1.788726  0.00  -0.074212   1.788726 
H1052  0.00  -0.000000   0.000000  0.00  -0.000000   0.000000 
C1053  0.00  -0.061947   1.808514  0.00  -0.030974   1.808514 
H1054  0.00  -0.035964   1.344339  0.00  -0.017982   1.344339 
C1055  0.00  -0.061947   1.969077  0.00  -0.030974   1.969077 
H1056  0.00  -0.035964   1.284726  0.00  -0.017982   1.284726 
H1057  0.00  -0.035964   1.346663  0.00  -0.017982   1.346663 
C1058  0.00  -0.061947   1.937916  0.00  -0.030974   1.937916 
C1059  0.00  -0.061947   2.059981  0.00  -0.030974   2.059981 
H1060  0.00  -0.035964   1.256275  0.00  -0.017982   1.256275 
C1061  0.00  -0.061947   1.982467  0.00  -0.030974   1.982467 
H1062  0.00  -0.035964   1.287388  0.00  -0.017982   1.287388 
C1063  0.00  -0.061947   2.012021  0.00  -0.030974   2.012021 
H1064  0.00  -0.035964   1.287245  0.00  -0.017982   1.287245 
C1065  0.00  -0.061947   2.036216  0.00  -0.030974   2.036216 
H1066  0.00  -0.035964   1.259821  0.00  -0.017982   1.259821 
C1067  0.00  -0.061947   2.007475  0.00  -0.030974   2.007475 
H1068  0.00  -0.035964   1.372512  0.00  -0.017982   1.372512 
C1069  0.00  -0.061947   1.847487  0.00  -0.030974   1.847487 
O1070  0.00  -0.100097   1.777644  0.00  -0.050049   1.777644 
N1071  0.00  -0.152153   1.790693  0.00  -0.076077   1.790693 
H1072  0.00  -0.000000   0.000000  0.00  -0.000000   0.000000 
C1073  0.00  -0.061947   1.830112  0.00  -0.030974   1.830112 
H1074  0.00  -0.035964   1.424759  0.00  -0.017982   1.424759 
C1075  0.00  -0.061947   1.925239  0.00  -0.030974   1.925239 
H1076  0.00  -0.035964   1.341932  0.00  -0.017982   1.341932 
H1077  0.00  -0.035964   1.386302  0.00  -0.017982   1.386302 
C1078  0.00  -0.061947   1.843638  0.00  -0.030974   1.843638 
H1079  0.00  -0.035964   1.304910  0.00  -0.017982   1.304910 
H1080  0.00  -0.035964   1.453052  0.00  -0.017982   1.453052 
C1081  0.00  -0.061947   1.930909  0.00  -0.030974   1.930909 
H1082  0.00  -0.035964   1.360716  0.00  -0.017982   1.360716 
H1083  0.00  -0.035964   1.363626  0.00  -0.017982   1.363626 
C1084  0.00  -0.061947   1.821094  0.00  -0.030974   1.821094 
H1085  0.00  -0.035964   1.326940  0.00  -0.017982   1.326940 
H1086  0.00  -0.035964   1.355491  0.00  -0.017982   1.355491 
N1087  0.00  -0.226631   1.650171  0.00  -0.113315   1.650171 
H1088  0.00  -0.000000   0.000000  0.00  -0.000000   0.000000 
H1089  0.00  -0.000000   0.000000  0.00  -0.000000   0.000000 
H1090  0.00  -0.000000   0.000000  0.00  -0.000000   0.000000 
C1091  0.00  -0.061947   1.820040  0.00  -0.030974   1.820040 
O1092  0.00  -0.100097   1.712353  0.00  -0.050049   1.712353 
N1093  0.00  -0.156059   1.768030  0.00  -0.078030   1.768030 
H1094  0.00  -0.000000   0.000000  0.00  -0.000000   0.000000 
C1095  0.00  -0.061947   1.837546  0.00  -0.030974   1.837546 
H1096  0.00  -0.035964   1.290852  0.00  -0.017982   1.290852 
C1097  0.00  -0.061947   1.899031  0.00  -0.030974   1.899031 
H1098  0.00  -0.035964   1.361298  0.00  -0.017982   1.361298 
H1099  0.00  -0.035964   1.362623  0.00  -0.017982   1.362623 
C1100  0.00  -0.061947   1.994746  0.00  -0.030974   1.994746 
H1101  0.00  -0.035964   1.325349  0.00  -0.017982   1.325349 
H1102  0.00  -0.035964   1.285127  0.00  -0.017982   1.285127 
C1103  0.00  -0.061947   1.705793  0.00  -0.030974   1.705793 
O1104  0.00  -0.100097   1.821790  0.00  -0.050049   1.821790 
N1105  0.00  -0.142093   1.908437  0.00  -0.071046   1.908437 
H1106  0.00  -0.000000   0.000000  0.00  -0.000000   0.000000 
H1107  0.00  -0.000000   0.000000  0.00  -0.000000   0.000000 
C1108  0.00  -0.061947   1.820381  0.00  -0.030974   1.820381 
O1109  0.00  -0.100097   1.756615  0.00  -0.050049   1.756615 
N1110  0.00  -0.146147   1.794219  0.00  -0.073073   1.794219 
H1111  0.00  -0.000000   0.000000  0.00  -0.000000   0.000000 
C1112  0.00  -0.061947   1.835379  0.00  -0.030974   1.835379 
H1113  0.00  -0.035964   1.295724  0.00  -0.017982   1.295724 
C1114  0.00  -0.061947   1.939740  0.00  -0.030974   1.939740 
H1115  0.00  -0.035964   1.368901  0.00  -0.017982   1.368901 
H1116  0.00  -0.035964   1.282438  0.00  -0.017982   1.282438 
C1117  0.00  -0.061947   1.982201  0.00  -0.030974   1.982201 
C1118  0.00  -0.061947   2.013837  0.00  -0.030974   2.013837 
H1119  0.00  -0.035964   1.257383  0.00  -0.017982   1.257383 
C1120  0.00  -0.061947   2.085617  0.00  -0.030974   2.085617 
H1121  0.00  -0.035964   1.221349  0.00  -0.017982   1.221349 
C1122  0.00  -0.061947   1.856388  0.00  -0.030974   1.856388 
O1123  0.00  -0.121316   1.732434  0.00  -0.060658   1.732434 
H1124  0.00  -0.000000   0.000000  0.00  -0.000000   0.000000 
C1125  0.00  -0.061947   2.001838  0.00  -0.030974   2.001838 
H1126  0.00  -0.035964   1.364944  0.00  -0.017982   1.364944 
C1127  0.00  -0.061947   2.091493  0.00  -0.030974   2.091493 
H1128  0.00  -0.035964   1.281093  0.00  -0.017982   1.281093 
C1129  0.00  -0.061947   1.840680  0.00  -0.030974   1.840680 
O1130  0.00  -0.100097   1.756367  0.00  -0.050049   1.756367 
N1131  0.00  -0.148345   1.780701  0.00  -0.074173   1.780701 
H1132  0.00  -0.000000   0.000000  0.00  -0.000000   0.000000 
C1133  0.00  -0.061947   1.794468  0.00  -0.030974   1.794468 
H1134  0.00  -0.035964   1.314191  0.00  -0.017982   1.314191 
C1135  0.00  -0.061947   1.977521  0.00  -0.030974   1.977521 
H1136  0.00  -0.035964   1.360017  0.00  -0.017982   1.360017 
H1137  0.00  -0.035964   1.360017  0.00  -0.017982   1.360017 
H1138  0.00  -0.035964   1.360017  0.00  -0.017982   1.360017 
C1139  0.00  -0.061947   1.830659  0.00  -0.030974   1.830659 
O1140  0.00  -0.100097   1.758705  0.00  -0.050049   1.758705 
N1141  0.00  -0.147728   1.811967  0.00  -0.073864   1.811967 
H1142  0.00  -0.000000   0.000000  0.00  -0.000000   0.000000 
C1143  0.00  -0.061947   1.824588  0.00  -0.030974   1.824588 
H1144  0.00  -0.035964   1.330145  0.00  -0.017982   1.330145 
C1145  0.00  -0.061947   1.984155  0.00  -0.030974   1.984155 
H1146  0.00  -0.035964   1.279633  0.00  -0.017982   1.279633 
H1147  0.00  -0.035964   1.311491  0.00  -0.017982   1.311491 
C1148  0.00  -0.061947   1.680388  0.00  -0.030974   1.680388 
O1149  0.00  -0.100097   1.803389  0.00  -0.050049   1.803389 
N1150  0.00  -0.155820   1.897770  0.00  -0.077910   1.897770 
H1151  0.00  -0.000000   0.000000  0.00  -0.000000   0.000000 
H1152  0.00  -0.000000   0.000000  0.00  -0.000000   0.000000 
C1153  0.00  -0.061947   1.812759  0.00  -0.030974   1.812759 
O1154  0.00  -0.100097   1.769538  0.00  -0.050049   1.769538 
N1155  0.00  -0.146688   1.792059  0.00  -0.073344   1.792059 
H1156  0.00  -0.000000   0.000000  0.00  -0.000000   0.000000 
C1157  0.00  -0.061947   1.785024  0.00  -0.030974   1.785024 
H1158  0.00  -0.035964   1.375531  0.00  -0.017982   1.375531 
C1159  0.00  -0.061947   2.043387  0.00  -0.030974   2.043387 
H1160  0.00  -0.035964   1.296724  0.00  -0.017982   1.296724 
H1161  0.00  -0.035964   1.380155  0.00  -0.017982   1.380155 
C1162  0.00  -0.061947   1.622561  0.00  -0.030974   1.622561 
O1163  0.00  -0.100097   1.829485  0.00  -0.050049   1.829485 
O1164  0.00  -0.100097   1.876731  0.00  -0.050049   1.876731 
C1165  0.00  -0.061947   1.832270  0.00  -0.030974   1.832270 
O1166  0.00  -0.100097   1.777414  0.00  -0.050049   1.777414 
N1167  0.00  -0.157072   1.784092  0.00  -0.078536   1.784092 
H1168  0.00  -0.000000   0.000000  0.00  -0.000000   0.000000 
C1169  0.00  -0.061947   1.807094  0.00  -0.030974   1.807094 
H1170  0.00  -0.035964   1.340967  0.00  -0.017982   1.340967 
C1171  0.00  -0.061947   1.997063  0.00  -0.030974   1.997063 
H1172  0.00  -0.035964   1.361757  0.00  -0.017982   1.361757 
H1173  0.00  -0.035964   1.329608  0.00  -0.017982   1.329608 
C1174  0.00  -0.061947   1.676177  0.00  -0.030974   1.676177 
O1175  0.00  -0.100097   1.809166  0.00  -0.050049   1.809166 
N1176  0.00  -0.155185   1.884582  0.00  -0.077592   1.884582 
H1177  0.00  -0.000000   0.000000  0.00  -0.000000   0.000000 
H1178  0.00  -0.000000   0.000000  0.00  -0.000000   0.000000 
C1179  0.00  -0.061947   1.769172  0.00  -0.030974   1.769172 
O1180  0.00  -0.100097   1.777085  0.00  -0.050049   1.777085 
N1181  0.00  -0.160042   1.731143  0.00  -0.080021   1.731143 
H1182  0.00  -0.000000   0.000000  0.00  -0.000000   0.000000 
C1183  0.00  -0.061947   1.895620  0.00  -0.030974   1.895620 
H1184  0.00  -0.035964   1.340755  0.00  -0.017982   1.340755 
H1185  0.00  -0.035964   1.282339  0.00  -0.017982   1.282339 
C1186  0.00  -0.061947   1.759786  0.00  -0.030974   1.759786 
O1187  0.00  -0.100097   1.799662  0.00  -0.050049   1.799662 
N1188  0.00  -0.162171   1.767577  0.00  -0.081086   1.767577 
H1189  0.00  -0.000000   0.000000  0.00  -0.000000   0.000000 
C1190  0.00  -0.061947   1.851855  0.00  -0.030974   1.851855 
H1191  0.00  -0.035964   1.348351  0.00  -0.017982   1.348351 
C1192  0.00  -0.061947   1.797335  0.00  -0.030974   1.797335 
H1193  0.00  -0.035964   1.339720  0.00  -0.017982   1.339720 
C1194  0.00  -0.061947   2.037961  0.00  -0.030974   2.037961 
H1195  0.00  -0.035964   1.349536  0.00  -0.017982   1.349536 
H1196  0.00  -0.035964   1.349536  0.00  -0.017982   1.349536 
H1197  0.00  -0.035964   1.349536  0.00  -0.017982   1.349536 
C1198  0.00  -0.061947   2.011630  0.00  -0.030974   2.011630 
H1199  0.00  -0.035964   1.353791  0.00  -0.017982   1.353791 
H1200  0.00  -0.035964   1.353791  0.00  -0.017982   1.353791 
H1201  0.00  -0.035964   1.353791  0.00  -0.017982   1.353791 
C1202  0.00  -0.061947   1.797444  0.00  -0.030974   1.797444 
O1203  0.00  -0.100097   1.754918  0.00  -0.050049   1.754918 
N1204  0.00  -0.135164   1.814581  0.00  -0.067582   1.814581 
H1205  0.00  -0.000000   0.000000  0.00  -0.000000   0.000000 
C1206  0.00  -0.061947   1.758271  0.00  -0.030974   1.758271 
H1207  0.00  -0.035964   1.442410  0.00  -0.017982   1.442410 
C1208  0.00  -0.061947   2.038866  0.00  -0.030974   2.038866 
H1209  0.00  -0.035964   1.377199  0.00  -0.017982   1.377199 
H1210  0.00  -0.035964   1.274639  0.00  -0.017982   1.274639 
C1211  0.00  -0.061947   1.643205  0.00  -0.030974   1.643205 
O1212  0.00  -0.100097   1.879036  0.00  -0.050049   1.879036 
O1213  0.00  -0.100097   1.873433  0.00  -0.050049   1.873433 
C1214  0.00  -0.061947   1.799711  0.00  -0.030974   1.799711 
O1215  0.00  -0.100097   1.769888  0.00  -0.050049   1.769888 
N1216  0.00  -0.138989   1.791501  0.00  -0.069495   1.791501 
H1217  0.00  -0.000000   0.000000  0.00  -0.000000   0.000000 
C1218  0.00  -0.061947   1.847109  0.00  -0.030974   1.847109 
H1219  0.00  -0.035964   1.323084  0.00  -0.017982   1.323084 
H1220  0.00  -0.035964   1.295063  0.00  -0.017982   1.295063 
C1221  0.00  -0.061947   1.751545  0.00  -0.030974   1.751545 
O1222  0.00  -0.100097   1.772812  0.00  -0.050049   1.772812 
N1223  0.00  -0.147037   1.818582  0.00  -0.073519   1.818582 
H1224  0.00  -0.000000   0.000000  0.00  -0.000000   0.000000 
C1225  0.00  -0.061947   1.840472  0.00  -0.030974   1.840472 
H1226  0.00  -0.035964   1.347789  0.00  -0.017982   1.347789 
C1227  0.00  -0.061947   1.803793  0.00  -0.030974   1.803793 
H1228  0.00  -0.035964   1.357746  0.00  -0.017982   1.357746 
C1229  0.00  -0.061947   1.966991  0.00  -0.030974   1.966991 
H1230  0.00  -0.035964   1.382877  0.00  -0.017982   1.382877 
H1231  0.00  -0.035964   1.382877  0.00  -0.017982   1.382877 
H1232  0.00  -0.035964   1.382877  0.00  -0.017982   1.382877 
C1233  0.00  -0.061947   1.976205  0.00  -0.030974   1.976205 
H1234  0.00  -0.035964   1.367649  0.00  -0.017982   1.367649 
H1235  0.00  -0.035964   1.367649  0.00  -0.017982   1.367649 
H1236  0.00  -0.035964   1.367649  0.00  -0.017982   1.367649 
C1237  0.00  -0.061947   1.803469  0.00  -0.030974   1.803469 
O1238  0.00  -0.100097   1.719028  0.00  -0.050049   1.719028 
N1239  0.00  -0.131551   1.814828  0.00  -0.065776   1.814828 
H1240  0.00  -0.000000   0.000000  0.00  -0.000000   0.000000 
C1241  0.00  -0.061947   1.807950  0.00  -0.030974   1.807950 
H1242  0.00  -0.035964   1.385896  0.00  -0.017982   1.385896 
C1243  0.00  -0.061947   1.918770  0.00  -0.030974   1.918770 
H1244  0.00  -0.035964   1.320207  0.00  -0.017982   1.320207 
H1245  0.00  -0.035964   1.341760  0.00  -0.017982   1.341760 
C1246  0.00  -0.061947   1.999116  0.00  -0.030974   1.999116 
C1247  0.00  -0.061947   2.004059  0.00  -0.030974   2.004059 
H1248  0.00  -0.035964   1.242562  0.00  -0.017982   1.242562 
N1249  0.00  -0.124032   1.764783  0.00  -0.062016   1.764783 
H1250  0.00  -0.000000   0.000000  0.00  -0.000000   0.000000 
C1251  0.00  -0.061947   1.900308  0.00  -0.030974   1.900308 
C1252  0.00  -0.061947   1.954448  0.00  -0.030974   1.954448 
C1253  0.00  -0.061947   2.039116  0.00  -0.030974   2.039116 
H1254  0.00  -0.035964   1.305348  0.00  -0.017982   1.305348 
C1255  0.00  -0.061947   2.061985  0.00  -0.030974   2.061985 
H1256  0.00  -0.035964   1.282765  0.00  -0.017982   1.282765 
C1257  0.00  -0.061947   2.042250  0.00  -0.030974   2.042250 
H1258  0.00  -0.035964   1.279563  0.00  -0.017982   1.279563 
C1259  0.00  -0.061947   2.002308  0.00  -0.030974   2.002308 
H1260  0.00  -0.035964   1.326757  0.00  -0.017982   1.326757 
C1261  0.00  -0.061947   1.804551  0.00  -0.030974   1.804551 
O1262  0.00  -0.100097   1.788338  0.00  -0.050049   1.788338 
N1263  0.00  -0.157797   1.785530  0.00  -0.078898   1.785530 
H1264  0.00  -0.000000   0.000000  0.00  -0.000000   0.000000 
C1265  0.00  -0.061947   1.868427  0.00  -0.030974   1.868427 
H1266  0.00  -0.035964   1.300474  0.00  -0.017982   1.300474 
C1267  0.00  -0.061947   1.768251  0.00  -0.030974   1.768251 
H1268  0.00  -0.035964   1.334132  0.00  -0.017982   1.334132 
O1269  0.00  -0.128157   1.769979  0.00  -0.064078   1.769979 
H1270  0.00  -0.000000   0.000000  0.00  -0.000000   0.000000 
C1271  0.00  -0.061947   1.998989  0.00  -0.030974   1.998989 
H1272  0.00  -0.035964   1.330603  0.00  -0.017982   1.330603 
H1273  0.00  -0.035964   1.330603  0.00  -0.017982   1.330603 
H1274  0.00  -0.035964   1.330603  0.00  -0.017982   1.330603 
C1275  0.00  -0.061947   1.757557  0.00  -0.030974   1.757557 
O1276  0.00  -0.100097   1.736946  0.00  -0.050049   1.736946 
N1277  0.00  -0.139858   1.799205  0.00  -0.069929   1.799205 
H1278  0.00  -0.000000   0.000000  0.00  -0.000000   0.000000 
C1279  0.00  -0.061947   1.799388  0.00  -0.030974   1.799388 
H1280  0.00  -0.035964   1.336065  0.00  -0.017982   1.336065 
C1281  0.00  -0.061947   1.955618  0.00  -0.030974   1.955618 
H1282  0.00  -0.035964   1.341792  0.00  -0.017982   1.341792 
H1283  0.00  -0.035964   1.335058  0.00  -0.017982   1.335058 
C1284  0.00  -0.061947   1.979562  0.00  -0.030974   1.979562 
C1285  0.00  -0.061947   2.035064  0.00  -0.030974   2.035064 
H1286  0.00  -0.035964   1.280873  0.00  -0.017982   1.280873 
C1287  0.00  -0.061947   2.101333  0.00  -0.030974   2.101333 
H1288  0.00  -0.035964   1.157406  0.00  -0.017982   1.157406 
C1289  0.00  -0.061947   1.843124  0.00  -0.030974   1.843124 
O1290  0.00  -0.133323   1.749098  0.00  -0.066661   1.749098 
H1291  0.00  -0.000000   0.000000  0.00  -0.000000   0.000000 
C1292  0.00  -0.061947   2.027141  0.00  -0.030974   2.027141 
H1293  0.00  -0.035964   1.258259  0.00  -0.017982   1.258259 
C1294  0.00  -0.061947   2.098405  0.00  -0.030974   2.098405 
H1295  0.00  -0.035964   1.178758  0.00  -0.017982   1.178758 
C1296  0.00  -0.061947   1.781049  0.00  -0.030974   1.781049 
O1297  0.00  -0.100097   1.772976  0.00  -0.050049   1.772976 
N1298  0.00  -0.143390   1.817755  0.00  -0.071695   1.817755 
H1299  0.00  -0.000000   0.000000  0.00  -0.000000   0.000000 
C1300  0.00  -0.061947   1.791300  0.00  -0.030974   1.791300 
H1301  0.00  -0.035964   1.348549  0.00  -0.017982   1.348549 
C1302  0.00  -0.061947   2.002390  0.00  -0.030974   2.002390 
H1303  0.00  -0.035964   1.368040  0.00  -0.017982   1.368040 
H1304  0.00  -0.035964   1.298007  0.00  -0.017982   1.298007 
C1305  0.00  -0.061947   1.660736  0.00  -0.030974   1.660736 
O1306  0.00  -0.100097   1.793809  0.00  -0.050049   1.793809 
O1307  0.00  -0.100097   1.853125  0.00  -0.050049   1.853125 
C1308  0.00  -0.061947   1.823605  0.00  -0.030974   1.823605 
O1309  0.00  -0.100097   1.711266  0.00  -0.050049   1.711266 
N1310  0.00  -0.123579   1.820981  0.00  -0.061789   1.820981 
H1311  0.00  -0.000000   0.000000  0.00  -0.000000   0.000000 
C1312  0.00  -0.061947   1.755554  0.00  -0.030974   1.755554 
H1313  0.00  -0.035964   1.419148  0.00  -0.017982   1.419148 
C1314  0.00  -0.061947   2.060896  0.00  -0.030974   2.060896 
H1315  0.00  -0.035964   1.284894  0.00  -0.017982   1.284894 
H1316  0.00  -0.035964   1.249997  0.00  -0.017982   1.249997 
C1317  0.00  -0.061947   1.691184  0.00  -0.030974   1.691184 
O1318  0.00  -0.100097   1.818015  0.00  -0.050049   1.818015 
O1319  0.00  -0.100097   1.848428  0.00  -0.050049   1.848428 
C1320  0.00  -0.061947   1.786157  0.00  -0.030974   1.786157 
O1321  0.00  -0.100097   1.748165  0.00  -0.050049   1.748165 
N1322  0.00  -0.146594   1.809390  0.00  -0.073297   1.809390 
H1323  0.00  -0.000000   0.000000  0.00  -0.000000   0.000000 
C1324  0.00  -0.061947   1.770636  0.00  -0.030974   1.770636 
H1325  0.00  -0.035964   1.347254  0.00  -0.017982   1.347254 
C1326  0.00  -0.061947   1.975803  0.00  -0.030974   1.975803 
H1327  0.00  -0.035964   1.353391  0.00  -0.017982   1.353391 
H1328  0.00  -0.035964   1.353391  0.00  -0.017982   1.353391 
H1329  0.00  -0.035964   1.353391  0.00  -0.017982   1.353391 
C1330  0.00  -0.061947   1.779033  0.00  -0.030974   1.779033 
O1331  0.00  -0.100097   1.789581  0.00  -0.050049   1.789581 
N1332  0.00  -0.159476   1.769754  0.00  -0.079738   1.769754 
H1333  0.00  -0.000000   0.000000  0.00  -0.000000   0.000000 
C1334  0.00  -0.061947   1.909842  0.00  -0.030974   1.909842 
H1335  0.00  -0.035964   1.305927  0.00  -0.017982   1.305927 
C1336  0.00  -0.061947   1.759428  0.00  -0.030974   1.759428 
H1337  0.00  -0.035964   1.340609  0.00  -0.017982   1.340609 
O1338  0.00  -0.132814   1.774629  0.00  -0.066407   1.774629 
H1339  0.00  -0.000000   0.000000  0.00  -0.000000   0.000000 
C1340  0.00  -0.061947   2.010276  0.00  -0.030974   2.010276 
H1341  0.00  -0.035964   1.351692  0.00  -0.017982   1.351692 
H1342  0.00  -0.035964   1.351692  0.00  -0.017982   1.351692 
H1343  0.00  -0.035964   1.351692  0.00  -0.017982   1.351692 
C1344  0.00  -0.061947   1.814868  0.00  -0.030974   1.814868 
O1345  0.00  -0.100097   1.765232  0.00  -0.050049   1.765232 
N1346  0.00  -0.157922   1.757914  0.00  -0.078961   1.757914 
H1347  0.00  -0.000000   0.000000  0.00  -0.000000   0.000000 
C1348  0.00  -0.061947   1.801475  0.00  -0.030974   1.801475 
H1349  0.00  -0.035964   1.375459  0.00  -0.017982   1.375459 
C1350  0.00  -0.061947   1.942274  0.00  -0.030974   1.942274 
H1351  0.00  -0.035964   1.402999  0.00  -0.017982   1.402999 
H1352  0.00  -0.035964   1.338257  0.00  -0.017982   1.338257 
C1353  0.00  -0.061947   1.874742  0.00  -0.030974   1.874742 
H1354  0.00  -0.035964   1.382213  0.00  -0.017982   1.382213 
H1355  0.00  -0.035964   1.377626  0.00  -0.017982   1.377626 
C1356  0.00  -0.061947   1.891226  0.00  -0.030974   1.891226 
H1357  0.00  -0.035964   1.292536  0.00  -0.017982   1.292536 
H1358  0.00  -0.035964   1.331896  0.00  -0.017982   1.331896 
C1359  0.00  -0.061947   1.822934  0.00  -0.030974   1.822934 
H1360  0.00  -0.035964   1.359469  0.00  -0.017982   1.359469 
H1361  0.00  -0.035964   1.359073  0.00  -0.017982   1.359073 
N1362  0.00  -0.242869   1.645915  0.00  -0.121435   1.645915 
H1363  0.00  -0.000000   0.000000  0.00  -0.000000   0.000000 
H1364  0.00  -0.000000   0.000000  0.00  -0.000000   0.000000 
H1365  0.00  -0.000000   0.000000  0.00  -0.000000   0.000000 
C1366  0.00  -0.061947   1.827511  0.00  -0.030974   1.827511 
O1367  0.00  -0.100097   1.735524  0.00  -0.050049   1.735524 
N1368  0.00  -0.157963   1.781981  0.00  -0.078981   1.781981 
H1369  0.00  -0.000000   0.000000  0.00  -0.000000   0.000000 
C1370  0.00  -0.061947   1.853720  0.00  -0.030974   1.853720 
H1371  0.00  -0.035964   1.392924  0.00  -0.017982   1.392924 
C1372  0.00  -0.061947   1.811575  0.00  -0.030974   1.811575 
H1373  0.00  -0.035964   1.339303  0.00  -0.017982   1.339303 
O1374  0.00  -0.132863   1.756381  0.00  -0.066432   1.756381 
H1375  0.00  -0.000000   0.000000  0.00  -0.000000   0.000000 
C1376  0.00  -0.061947   2.018004  0.00  -0.030974   2.018004 
H1377  0.00  -0.035964   1.312540  0.00  -0.017982   1.312540 
H1378  0.00  -0.035964   1.312540  0.00  -0.017982   1.312540 
H1379  0.00  -0.035964   1.312540  0.00  -0.017982   1.312540 
C1380  0.00  -0.061947   1.802864  0.00  -0.030974   1.802864 
O1381  0.00  -0.100097   1.752939  0.00  -0.050049   1.752939 
N1382  0.00  -0.147093   1.838976  0.00  -0.073547   1.838976 
H1383  0.00  -0.000000   0.000000  0.00  -0.000000   0.000000 
C1384  0.00  -0.061947   1.806034  0.00  -0.030974   1.806034 
H1385  0.00  -0.035964   1.365812  0.00  -0.017982   1.365812 
C1386  0.00  -0.061947   1.978929  0.00  -0.030974   1.978929 
H1387  0.00  -0.035964   1.307791  0.00  -0.017982   1.307791 
H1388  0.00  -0.035964   1.326747  0.00  -0.017982   1.326747 
C1389  0.00  -0.061947   1.936573  0.00  -0.030974   1.936573 
C1390  0.00  -0.061947   2.039918  0.00  -0.030974   2.039918 
H1391  0.00  -0.035964   1.319679  0.00  -0.017982   1.319679 
C1392  0.00  -0.061947   1.992058  0.00  -0.030974   1.992058 
H1393  0.00  -0.035964   1.375398  0.00  -0.017982   1.375398 
C1394  0.00  -0.061947   2.039150  0.00  -0.030974   2.039150 
H1395  0.00  -0.035964   1.301609  0.00  -0.017982   1.301609 
C1396  0.00  -0.061947   2.050216  0.00  -0.030974   2.050216 
H1397  0.00  -0.035964   1.280364  0.00  -0.017982   1.280364 
C1398  0.00  -0.061947   1.983253  0.00  -0.030974   1.983253 
H1399  0.00  -0.035964   1.245461  0.00  -0.017982   1.245461 
C1400  0.00  -0.061947   1.811577  0.00  -0.030974   1.811577 
O1401  0.00  -0.100097   1.696397  0.00  -0.050049   1.696397 
N1402  0.00  -0.142990   1.827642  0.00  -0.071495   1.827642 
H1403  0.00  -0.000000   0.000000  0.00  -0.000000   0.000000 
C1404  0.00  -0.061947   1.856506  0.00  -0.030974   1.856506 
H1405  0.00  -0.035964   1.402100  0.00  -0.017982   1.402100 
C1406  0.00  -0.061947   1.801672  0.00  -0.030974   1.801672 
H1407  0.00  -0.035964   1.241865  0.00  -0.017982   1.241865 
O1408  0.00  -0.133780   1.769255  0.00  -0.066890   1.769255 
H1409  0.00  -0.000000   0.000000  0.00  -0.000000   0.000000 
C1410  0.00  -0.061947   2.036811  0.00  -0.030974   2.036811 
H1411  0.00  -0.035964   1.320284  0.00  -0.017982   1.320284 
H1412  0.00  -0.035964   1.320284  0.00  -0.017982   1.320284 
H1413  0.00  -0.035964   1.320284  0.00  -0.017982   1.320284 
C1414  0.00  -0.061947   1.786760  0.00  -0.030974   1.786760 
O1415  0.00  -0.100097   1.724851  0.00  -0.050049   1.724851 
N1416  0.00  -0.151757   1.803121  0.00  -0.075879   1.803121 
H1417  0.00  -0.000000   0.000000  0.00  -0.000000   0.000000 
C1418  0.00  -0.061947   1.832489  0.00  -0.030974   1.832489 
H1419  0.00  -0.035964   1.391128  0.00  -0.017982   1.391128 
C1420  0.00  -0.061947   1.804780  0.00  -0.030974   1.804780 
H1421  0.00  -0.035964   1.427837  0.00  -0.017982   1.427837 
C1422  0.00  -0.061947   1.984930  0.00  -0.030974   1.984930 
H1423  0.00  -0.035964   1.385061  0.00  -0.017982   1.385061 
H1424  0.00  -0.035964   1.385061  0.00  -0.017982   1.385061 
H1425  0.00  -0.035964   1.385061  0.00  -0.017982   1.385061 
C1426  0.00  -0.061947   2.033489  0.00  -0.030974   2.033489 
H1427  0.00  -0.035964   1.345705  0.00  -0.017982   1.345705 
H1428  0.00  -0.035964   1.345705  0.00  -0.017982   1.345705 
H1429  0.00  -0.035964   1.345705  0.00  -0.017982   1.345705 
C1430  0.00  -0.061947   1.787008  0.00  -0.030974   1.787008 
O1431  0.00  -0.100097   1.724160  0.00  -0.050049   1.724160 
N1432  0.00  -0.149982   1.789491  0.00  -0.074991   1.789491 
H1433  0.00  -0.000000   0.000000  0.00  -0.000000   0.000000 
C1434  0.00  -0.061947   1.891938  0.00  -0.030974   1.891938 
H1435  0.00  -0.035964   1.370422  0.00  -0.017982   1.370422 
C1436  0.00  -0.061947   1.781499  0.00  -0.030974   1.781499 
H1437  0.00  -0.035964   1.252333  0.00  -0.017982   1.252333 
O1438  0.00  -0.123673   1.774526  0.00  -0.061837   1.774526 
H1439  0.00  -0.000000   0.000000  0.00  -0.000000   0.000000 
C1440  0.00  -0.061947   2.013674  0.00  -0.030974   2.013674 
H1441  0.00  -0.035964   1.364123  0.00  -0.017982   1.364123 
H1442  0.00  -0.035964   1.364123  0.00  -0.017982   1.364123 
H1443  0.00  -0.035964   1.364123  0.00  -0.017982   1.364123 
C1444  0.00  -0.061947   1.815962  0.00  -0.030974   1.815962 
O1445  0.00  -0.100097   1.739460  0.00  -0.050049   1.739460 
C1446  0.00  -0.061947   1.828070  0.00  -0.030974   1.828070 
C1447  0.00  -0.061947   1.674398  0.00  -0.030974   1.674398 
O1448  0.00  -0.100097   1.869991  0.00  -0.050049   1.869991 
O1449  0.00  -0.100097   1.880206  0.00  -0.050049   1.880206 
N1450  0.00  -0.137238   1.800555  0.00  -0.068619   1.800555 
H1451  0.00  -0.000000   0.000000  0.00  -0.000000   0.000000 
H1452  0.00  -0.035964   1.331376  0.00  -0.017982   1.331376 
C1453  0.00  -0.061947   1.890967  0.00  -0.030974   1.890967 
H1454  0.00  -0.035964   1.385132  0.00  -0.017982   1.385132 
H1455  0.00  -0.035964   1.338164  0.00  -0.017982   1.338164 
C1456  0.00  -0.061947   1.994332  0.00  -0.030974   1.994332 
H1457  0.00  -0.035964   1.372746  0.00  -0.017982   1.372746 
H1458  0.00  -0.035964   1.368528  0.00  -0.017982   1.368528 
C1459  0.00  -0.061947   1.687503  0.00  -0.030974   1.687503 
O1460  0.00  -0.100097   1.878289  0.00  -0.050049   1.878289 
O1461  0.00  -0.100097   1.865862  0.00  -0.050049   1.865862 
