C135  0.00  -0.066000   1.9643086 0.00  -0.033000   1.9643086
C136  0.00  -0.066000   1.9643086 0.00  -0.033000   1.9643086
C137  0.00  -0.066000   1.9643086 0.00  -0.033000   1.9643086
C145  0.00  -0.070000   1.9923701 0.00  -0.035000   1.9923701
C149  0.00  -0.066000   1.9643086 0.00  -0.033000   1.9643086
C157  0.00  -0.066000   1.9643086 0.00  -0.033000   1.9643086
C158  0.00  -0.066000   1.9643086 0.00  -0.033000   1.9643086
C166  0.00  -0.070000   1.9923701 0.00  -0.035000   1.9923701
C206  0.00  -0.066000   1.9643086 0.00  -0.033000   1.9643086
C209  0.00  -0.066000   1.9643086 0.00  -0.033000   1.9643086
C210  0.00  -0.066000   1.9643086 0.00  -0.033000   1.9643086
C214  0.00  -0.066000   1.9643086 0.00  -0.033000   1.9643086
C223  0.00  -0.066000   1.9643086 0.00  -0.033000   1.9643086
C224  0.00  -0.066000   1.9643086 0.00  -0.033000   1.9643086
C235  0.00  -0.105000   2.1046163 0.00  -0.052500   2.1046163
C242  0.00  -0.066000   1.9643086 0.00  -0.033000   1.9643086
C245  0.00  -0.066000   1.9643086 0.00  -0.033000   1.9643086
C246  0.00  -0.066000   1.9643086 0.00  -0.033000   1.9643086
C267  0.00  -0.105000   2.1046163 0.00  -0.052500   2.1046163
C271  0.00  -0.105000   2.1046163 0.00  -0.052500   2.1046163
C274  0.00  -0.066000   1.9643086 0.00  -0.033000   1.9643086
C283  0.00  -0.066000   1.9643086 0.00  -0.033000   1.9643086
C284  0.00  -0.066000   1.9643086 0.00  -0.033000   1.9643086
C285  0.00  -0.066000   1.9643086 0.00  -0.033000   1.9643086
C292  0.00  -0.066000   1.9643086 0.00  -0.033000   1.9643086
C293  0.00  -0.066000   1.9643086 0.00  -0.033000   1.9643086
C295  0.00  -0.066000   1.9643086 0.00  -0.033000   1.9643086
C296  0.00  -0.066000   1.9643086 0.00  -0.033000   1.9643086
C302  0.00  -0.050000   1.2627698 0.00  -0.025000   1.2627698
C307  0.00  -0.066000   1.9643086 0.00  -0.033000   1.9643086
C308  0.00  -0.066000   1.9643086 0.00  -0.033000   1.9643086
C500  0.00  -0.070000   1.9923701 0.00  -0.035000   1.9923701
C501  0.00  -0.070000   1.9923701 0.00  -0.035000   1.9923701
C502  0.00  -0.070000   1.9923701 0.00  -0.035000   1.9923701
C505  0.00  -0.066000   1.9643086 0.00  -0.033000   1.9643086
C506  0.00  -0.070000   1.9923701 0.00  -0.035000   1.9923701
C507  0.00  -0.070000   1.9923701 0.00  -0.035000   1.9923701
C508  0.00  -0.070000   1.9923701 0.00  -0.035000   1.9923701
C509  0.00  -0.070000   1.9923701 0.00  -0.035000   1.9923701
C510  0.00  -0.070000   1.9923701 0.00  -0.035000   1.9923701
C514  0.00  -0.070000   1.9923701 0.00  -0.035000   1.9923701
H140  0.00  -0.030000   1.4030776 0.00  -0.015000   1.4030776
H146  0.00  -0.030000   1.3581791 0.00  -0.015000   1.3581791
H155  0.00   0.000000   0.0000000 0.00   0.000000   0.0000000
H168  0.00   0.000000   0.0000000 0.00   0.000000   0.0000000
H204  0.00   0.000000   0.0000000 0.00   0.000000   0.0000000
H240  0.00   0.000000   0.0000000 0.00   0.000000   0.0000000
H241  0.00   0.000000   0.0000000 0.00   0.000000   0.0000000
H270  0.00   0.000000   0.0000000 0.00   0.000000   0.0000000
H290  0.00   0.000000   0.0000000 0.00   0.000000   0.0000000
H301  0.00   0.000000   0.0000000 0.00   0.000000   0.0000000
H304  0.00   0.000000   0.0000000 0.00   0.000000   0.0000000
H310  0.00   0.000000   0.0000000 0.00   0.000000   0.0000000
H504  0.00   0.000000   0.0000000 0.00   0.000000   0.0000000
H513  0.00   0.000000   0.0000000 0.00   0.000000   0.0000000
N237  0.00  -0.170000   1.8240008 0.00  -0.085000   1.8240008
N238  0.00  -0.170000   1.8240008 0.00  -0.085000   1.8240008
N239  0.00  -0.170000   1.8240008 0.00  -0.085000   1.8240008
N287  0.00  -0.170000   1.8240008 0.00  -0.085000   1.8240008
N300  0.00  -0.170000   1.8240008 0.00  -0.085000   1.8240008
N303  0.00  -0.170000   1.8240008 0.00  -0.085000   1.8240008
N309  0.00  -0.170000   1.8240008 0.00  -0.085000   1.8240008
N503  0.00  -0.170000   1.8240008 0.00  -0.085000   1.8240008
N511  0.00  -0.170000   1.8240008 0.00  -0.085000   1.8240008
N512  0.00  -0.170000   1.8240008 0.00  -0.085000   1.8240008
O154  0.00  -0.170000   1.7510408 0.00  -0.085000   1.7510408
O167  0.00  -0.170000   1.7229792 0.00  -0.085000   1.7229792
O236  0.00  -0.210000   1.6612438 0.00  -0.105000   1.6612438
O268  0.00  -0.170000   1.6836931 0.00  -0.085000   1.6836931
O269  0.00  -0.210000   1.6612438 0.00  -0.105000   1.6612438
O272  0.00  -0.210000   1.6612438 0.00  -0.105000   1.6612438
S200  0.00  -0.425000   2.0204317 0.00  -0.212500   2.0204317
S202  0.00  -0.355000   2.0204317 0.00  -0.177500   2.0204317
S203  0.00  -0.355000   2.0204317 0.00  -0.177500   2.0204317
OT    0.00  -0.152100   1.768200  0.00  -0.152100   1.768200
HT    0.00  -0.046000   0.224500  0.00  -0.046000   0.22450
SOD   0.00  -0.000500   2.9969737 0.00  -0.000500   2.9969737
CLA   0.00  -0.710000   2.2561487 0.00  -0.710000   2.2561487